        2.105600e+04
        2.448900e+04
        2.792000e+04
        3.134900e+04
        3.465500e+04
        3.752300e+04
        4.001000e+04
        4.218800e+04
        4.409700e+04
        4.577500e+04
        4.724900e+04
        4.852300e+04
        4.962600e+04
        5.056200e+04
        5.134000e+04
        5.196800e+04
        5.245300e+04
        5.279500e+04
        5.299800e+04
        5.311500e+04
        5.300000e+04
        5.279600e+04
        5.245700e+04
        5.197100e+04
        5.134700e+04
        5.056800e+04
        4.963400e+04
        4.853700e+04
        4.725700e+04
        4.580000e+04
        4.411500e+04
        4.220900e+04
        4.003200e+04
        3.754800e+04
        3.468400e+04
        3.138500e+04
        2.795200e+04
        2.452300e+04
        2.108900e+04
        1.765900e+04
        1.422700e+04
        1.079600e+04
        7.365000e+03
        3.933000e+03
        5.020000e+02
       -2.931000e+03
       -6.362000e+03
       -9.793000e+03
       -1.322400e+04
       -1.665600e+04
       -2.008700e+04
       -2.351800e+04
       -2.694900e+04
       -3.038200e+04
       -3.381100e+04
       -3.724400e+04
       -4.067400e+04
       -4.410600e+04
       -4.753700e+04
       -5.096900e+04
       -5.440200e+04
       -5.783300e+04
       -6.126500e+04
       -6.469400e+04
       -6.812700e+04
       -7.155700e+04
       -7.499000e+04
       -7.842100e+04
       -8.185300e+04
       -8.528200e+04
       -8.871400e+04
       -9.214500e+04
       -9.557800e+04
       -9.900700e+04
       -1.024410e+05
       -1.058730e+05
       -1.093050e+05
       -1.127360e+05
       -1.161650e+05
       -1.195980e+05
       -1.230280e+05
       -1.264610e+05
       -1.298920e+05
       -1.333230e+05
       -1.367530e+05
       -1.401860e+05
       -1.436160e+05
       -1.470470e+05
       -1.504790e+05
       -1.539120e+05
       -1.573440e+05
       -1.607760e+05
       -1.642050e+05
       -1.676370e+05
       -1.710680e+05
       -1.745000e+05
       -1.779310e+05
       -1.813620e+05
       -1.847950e+05
       -1.882240e+05
       -1.916570e+05
       -1.950880e+05
       -1.985180e+05
       -2.019500e+05
       -2.053840e+05
       -2.088150e+05
       -2.122460e+05
       -2.156760e+05
       -2.191090e+05
       -2.225390e+05
       -2.259710e+05
       -2.294020e+05
       -2.328340e+05
       -2.362650e+05
       -2.396970e+05
       -2.431260e+05
       -2.465580e+05
       -2.499900e+05
       -2.534220e+05
       -2.568550e+05
       -2.602860e+05
       -2.637160e+05
       -2.671470e+05
       -2.705800e+05
       -2.740100e+05
       -2.774420e+05
       -2.808730e+05
       -2.843060e+05
       -2.877360e+05
       -2.911670e+05
       -2.945980e+05
       -2.980290e+05
       -3.014610e+05
       -3.048940e+05
       -3.083250e+05
       -3.117560e+05
       -3.151880e+05
       -3.186180e+05
       -3.220510e+05
       -3.254810e+05
       -3.289140e+05
       -3.323440e+05
       -3.357760e+05
       -3.392070e+05
       -3.426380e+05
       -3.460690e+05
       -3.495010e+05
       -3.529320e+05
       -3.563650e+05
       -3.597970e+05
       -3.632270e+05
       -3.666570e+05
       -3.700890e+05
       -3.735210e+05
       -3.769520e+05
       -3.803850e+05
       -3.838150e+05
       -3.872480e+05
       -3.906780e+05
       -3.941100e+05
       -3.975400e+05
       -4.009710e+05
       -4.044040e+05
       -4.078360e+05
       -4.112680e+05
       -4.146980e+05
       -4.181290e+05
       -4.215600e+05
       -4.249930e+05
       -4.284220e+05
       -4.318550e+05
       -4.352870e+05
       -4.387190e+05
       -4.421490e+05
       -4.455780e+05
       -4.490110e+05
       -4.524430e+05
       -4.558770e+05
       -4.593080e+05
       -4.627380e+05
       -4.661690e+05
       -4.696010e+05
       -4.730310e+05
       -4.764630e+05
       -4.798930e+05
       -4.833260e+05
       -4.867580e+05
       -4.901900e+05
       -4.936200e+05
       -4.970490e+05
       -5.004830e+05
       -5.039140e+05
       -5.073470e+05
       -5.107760e+05
       -5.142100e+05
       -5.176400e+05
       -5.210720e+05
       -5.245030e+05
       -5.279330e+05
       -5.313650e+05
       -5.347980e+05
       -5.382280e+05
       -5.416600e+05
       -5.450910e+05
       -5.485220e+05
       -5.519540e+05
       -5.553840e+05
       -5.588190e+05
       -5.622470e+05
       -5.656810e+05
       -5.691110e+05
       -5.725420e+05
       -5.759730e+05
       -5.794050e+05
       -5.828350e+05
       -5.862680e+05
       -5.897010e+05
       -5.931310e+05
       -5.965620e+05
       -5.999930e+05
       -6.034260e+05
       -6.068560e+05
       -6.102890e+05
       -6.137200e+05
       -6.171510e+05
       -6.205810e+05
       -6.240140e+05
       -6.274430e+05
       -6.308760e+05
       -6.343070e+05
       -6.377390e+05
       -6.411710e+05
       -6.446020e+05
       -6.480310e+05
       -6.514630e+05
       -6.548970e+05
       -6.583290e+05
       -6.617600e+05
       -6.651900e+05
       -6.686230e+05
       -6.720530e+05
       -6.754850e+05
       -6.789160e+05
       -6.823470e+05
       -6.857780e+05
       -6.892110e+05
       -6.926410e+05
       -6.960720e+05
       -6.995030e+05
       -7.029360e+05
       -7.063670e+05
       -7.097990e+05
       -7.132300e+05
       -7.166610e+05
       -7.200940e+05
       -7.235250e+05
       -7.269540e+05
       -7.303860e+05
       -7.338190e+05
       -7.372490e+05
       -7.406820e+05
       -7.441120e+05
       -7.475430e+05
       -7.509740e+05
       -7.544080e+05
       -7.578380e+05
       -7.612700e+05
       -7.647010e+05
       -7.681340e+05
       -7.715640e+05
       -7.749950e+05
       -7.784250e+05
       -7.818570e+05
       -7.852890e+05
       -7.887200e+05
       -7.921520e+05
       -7.955830e+05
       -7.990150e+05
       -8.024450e+05
       -8.058780e+05
       -8.093090e+05
       -8.127410e+05
       -8.161720e+05
       -8.196040e+05
       -8.230350e+05
       -8.264650e+05
       -8.298960e+05
       -8.333300e+05
       -8.367590e+05
       -8.401910e+05
       -8.436230e+05
       -8.470540e+05
       -8.504860e+05
       -8.539170e+05
       -8.573500e+05
       -8.607800e+05
       -8.642130e+05
       -8.676420e+05
       -8.710760e+05
       -8.745060e+05
       -8.779370e+05
       -8.813680e+05
       -8.848000e+05
       -8.882310e+05
       -8.916610e+05
       -8.950950e+05
       -8.985250e+05
       -9.019560e+05
       -9.053880e+05
       -9.088210e+05
       -9.122510e+05
       -9.156820e+05
       -9.191140e+05
       -9.225470e+05
       -9.259760e+05
       -9.294070e+05
       -9.328390e+05
       -9.362710e+05
       -9.397030e+05
       -9.431330e+05
       -9.465650e+05
       -9.499960e+05
       -9.534290e+05
       -9.568590e+05
       -9.602920e+05
       -9.637220e+05
       -9.671530e+05
       -9.705860e+05
       -9.740180e+05
       -9.774460e+05
       -9.808780e+05
       -9.843120e+05
       -9.877420e+05
       -9.911730e+05
       -9.946030e+05
       -9.980370e+05
       -1.001467e+06
       -1.004900e+06
       -1.008329e+06
       -1.011762e+06
       -1.015193e+06
       -1.018625e+06
       -1.022057e+06
       -1.025487e+06
       -1.028919e+06
       -1.032349e+06
       -1.035783e+06
       -1.039212e+06
       -1.042644e+06
       -1.046073e+06
       -1.049508e+06
       -1.052938e+06
       -1.056370e+06
       -1.059802e+06
       -1.063234e+06
       -1.066664e+06
       -1.070095e+06
       -1.073529e+06
       -1.076958e+06
       -1.080390e+06
       -1.083821e+06
       -1.087253e+06
       -1.090682e+06
       -1.094115e+06
       -1.097545e+06
       -1.100979e+06
       -1.104409e+06
       -1.107841e+06
       -1.111273e+06
       -1.114705e+06
       -1.118135e+06
       -1.121566e+06
       -1.124999e+06
       -1.128430e+06
       -1.131861e+06
       -1.135292e+06
       -1.138725e+06
       -1.142154e+06
       -1.145586e+06
       -1.149016e+06
       -1.152450e+06
       -1.155880e+06
       -1.159312e+06
       -1.162745e+06
       -1.166175e+06
       -1.169606e+06
       -1.173038e+06
       -1.176469e+06
       -1.179900e+06
       -1.183331e+06
       -1.186763e+06
       -1.190194e+06
       -1.193626e+06
       -1.197056e+06
       -1.200489e+06
       -1.203922e+06
       -1.207352e+06
       -1.210783e+06
       -1.214215e+06
       -1.217647e+06
       -1.221077e+06
       -1.224508e+06
       -1.227940e+06
       -1.231371e+06
       -1.234802e+06
       -1.238236e+06
       -1.241665e+06
       -1.245096e+06
       -1.248527e+06
       -1.251960e+06
       -1.255392e+06
       -1.258822e+06
       -1.262255e+06
       -1.265686e+06
       -1.269118e+06
       -1.272548e+06
       -1.275978e+06
       -1.279411e+06
       -1.282843e+06
       -1.286274e+06
       -1.289706e+06
       -1.293136e+06
       -1.296568e+06
       -1.299998e+06
       -1.303434e+06
       -1.306861e+06
       -1.310293e+06
       -1.313725e+06
       -1.317158e+06
       -1.320586e+06
       -1.324018e+06
       -1.327450e+06
       -1.330882e+06
       -1.334314e+06
       -1.337745e+06
       -1.341176e+06
       -1.344606e+06
       -1.348039e+06
       -1.351467e+06
       -1.354903e+06
       -1.358332e+06
       -1.361764e+06
       -1.365195e+06
       -1.368627e+06
       -1.372057e+06
       -1.375488e+06
       -1.378921e+06
       -1.382353e+06
       -1.385783e+06
       -1.389214e+06
       -1.392648e+06
       -1.396077e+06
       -1.399509e+06
       -1.402939e+06
       -1.406373e+06
       -1.409803e+06
       -1.413237e+06
       -1.416666e+06
       -1.420098e+06
       -1.423529e+06
       -1.426960e+06
       -1.430391e+06
       -1.433823e+06
       -1.437256e+06
       -1.440685e+06
       -1.444118e+06
       -1.447548e+06
       -1.450979e+06
       -1.454411e+06
       -1.457844e+06
       -1.461273e+06
       -1.464706e+06
       -1.468139e+06
       -1.471568e+06
       -1.475000e+06
       -1.478430e+06
       -1.481863e+06
       -1.485294e+06
       -1.488726e+06
       -1.492156e+06
       -1.495588e+06
       -1.499019e+06
       -1.502451e+06
       -1.505882e+06
       -1.509314e+06
       -1.512747e+06
       -1.516177e+06
       -1.519610e+06
       -1.523039e+06
       -1.526470e+06
       -1.529901e+06
       -1.533334e+06
       -1.536766e+06
       -1.540196e+06
       -1.543627e+06
       -1.547060e+06
       -1.550491e+06
       -1.553922e+06
       -1.557354e+06
       -1.560785e+06
       -1.564218e+06
       -1.567649e+06
       -1.571079e+06
       -1.574509e+06
       -1.577942e+06
       -1.581371e+06
       -1.584805e+06
       -1.588234e+06
       -1.591668e+06
       -1.595099e+06
       -1.598531e+06
       -1.601962e+06
       -1.605392e+06
       -1.608825e+06
       -1.612257e+06
       -1.615689e+06
       -1.619119e+06
       -1.622551e+06
       -1.625981e+06
       -1.629413e+06
       -1.632843e+06
       -1.636275e+06
       -1.639707e+06
       -1.643139e+06
       -1.646571e+06
       -1.650001e+06
       -1.653431e+06
       -1.656864e+06
       -1.660295e+06
       -1.663728e+06
       -1.667160e+06
       -1.670589e+06
       -1.674022e+06
       -1.677453e+06
       -1.680883e+06
       -1.684314e+06
       -1.687746e+06
       -1.691178e+06
       -1.694610e+06
       -1.698041e+06
       -1.701473e+06
       -1.704903e+06
       -1.708335e+06
       -1.711766e+06
       -1.715199e+06
       -1.718630e+06
       -1.722061e+06
       -1.725492e+06
       -1.728924e+06
       -1.732355e+06
       -1.735786e+06
       -1.739217e+06
       -1.742649e+06
       -1.746080e+06
       -1.749512e+06
       -1.752943e+06
       -1.756375e+06
       -1.759805e+06
       -1.763237e+06
       -1.766671e+06
       -1.770100e+06
       -1.773533e+06
       -1.776963e+06
       -1.780395e+06
       -1.783825e+06
       -1.787258e+06
       -1.790687e+06
       -1.794120e+06
       -1.797552e+06
       -1.800983e+06
       -1.804415e+06
       -1.807845e+06
       -1.811277e+06
       -1.814708e+06
       -1.818143e+06
       -1.821571e+06
       -1.825004e+06
       -1.828434e+06
       -1.831867e+06
       -1.835296e+06
       -1.838728e+06
       -1.842159e+06
       -1.845591e+06
       -1.849022e+06
       -1.852453e+06
       -1.855884e+06
       -1.859316e+06
       -1.862749e+06
       -1.866181e+06
       -1.869612e+06
       -1.873042e+06
       -1.876476e+06
       -1.879905e+06
       -1.883337e+06
       -1.886766e+06
       -1.890199e+06
       -1.893630e+06
       -1.897063e+06
       -1.900492e+06
       -1.903924e+06
       -1.907357e+06
       -1.910787e+06
       -1.914220e+06
       -1.917651e+06
       -1.921083e+06
       -1.924513e+06
       -1.927946e+06
       -1.931376e+06
       -1.934808e+06
       -1.938237e+06
       -1.941672e+06
       -1.945101e+06
       -1.948534e+06
       -1.951965e+06
       -1.955396e+06
       -1.958828e+06
       -1.962258e+06
       -1.965690e+06
       -1.969121e+06
       -1.972554e+06
       -1.975985e+06
       -1.979416e+06
       -1.982847e+06
       -1.986278e+06
       -1.989709e+06
       -1.993141e+06
       -1.996573e+06
       -2.000005e+06
       -2.003436e+06
       -2.006868e+06
       -2.010298e+06
       -2.013729e+06
       -2.017163e+06
       -2.020592e+06
       -2.024024e+06
       -2.027455e+06
       -2.030888e+06
       -2.034317e+06
       -2.037749e+06
       -2.041181e+06
       -2.044612e+06
       -2.048044e+06
       -2.051475e+06
       -2.054907e+06
       -2.058338e+06
       -2.061770e+06
       -2.065199e+06
       -2.068633e+06
       -2.072063e+06
       -2.075495e+06
       -2.078927e+06
       -2.082359e+06
       -2.085790e+06
       -2.089219e+06
       -2.092653e+06
       -2.096084e+06
       -2.099516e+06
       -2.102945e+06
       -2.106379e+06
       -2.109809e+06
       -2.113241e+06
       -2.116671e+06
       -2.120103e+06
       -2.123533e+06
       -2.126967e+06
       -2.130398e+06
       -2.133828e+06
       -2.137260e+06
       -2.140691e+06
       -2.144124e+06
       -2.147555e+06
       -2.150986e+06
       -2.154416e+06
       -2.157850e+06
       -2.161281e+06
       -2.164711e+06
       -2.168142e+06
       -2.171575e+06
       -2.175005e+06
       -2.178438e+06
       -2.181869e+06
       -2.185299e+06
       -2.188730e+06
       -2.192162e+06
       -2.195595e+06
       -2.199025e+06
       -2.202457e+06
       -2.205889e+06
       -2.209321e+06
       -2.212752e+06
       -2.216183e+06
       -2.219614e+06
       -2.223046e+06
       -2.226477e+06
       -2.229908e+06
       -2.233339e+06
       -2.236771e+06
       -2.240201e+06
       -2.243633e+06
       -2.247065e+06
       -2.250496e+06
       -2.253927e+06
       -2.257361e+06
       -2.260791e+06
       -2.264223e+06
       -2.267652e+06
       -2.271087e+06
       -2.274516e+06
       -2.277947e+06
       -2.281380e+06
       -2.284810e+06
       -2.288242e+06
       -2.291672e+06
       -2.295104e+06
       -2.298536e+06
       -2.301968e+06
       -2.305399e+06
       -2.308832e+06
       -2.312262e+06
       -2.315695e+06
       -2.319124e+06
       -2.322557e+06
       -2.325987e+06
       -2.329418e+06
       -2.332849e+06
       -2.336282e+06
       -2.339712e+06
       -2.343143e+06
       -2.346577e+06
       -2.350006e+06
       -2.353438e+06
       -2.356870e+06
       -2.360304e+06
       -2.363733e+06
       -2.367165e+06
       -2.370595e+06
       -2.374028e+06
       -2.377458e+06
       -2.380891e+06
       -2.384319e+06
       -2.387752e+06
       -2.391184e+06
       -2.394615e+06
       -2.398048e+06
       -2.401477e+06
       -2.404910e+06
       -2.408341e+06
       -2.411775e+06
       -2.415204e+06
       -2.418635e+06
       -2.422066e+06
       -2.425500e+06
       -2.428930e+06
       -2.432360e+06
       -2.435792e+06
       -2.439223e+06
       -2.442655e+06
       -2.446086e+06
       -2.449517e+06
       -2.452948e+06
       -2.456381e+06
       -2.459812e+06
       -2.463244e+06
       -2.466674e+06
       -2.470108e+06
       -2.473537e+06
       -2.476971e+06
       -2.480401e+06
       -2.483831e+06
       -2.487264e+06
       -2.490696e+06
       -2.494125e+06
       -2.497557e+06
       -2.500989e+06
       -2.504419e+06
       -2.507852e+06
       -2.511283e+06
       -2.514714e+06
       -2.518146e+06
       -2.521578e+06
       -2.525009e+06
       -2.528440e+06
       -2.531871e+06
       -2.535302e+06
       -2.538735e+06
       -2.542166e+06
       -2.545598e+06
       -2.549027e+06
       -2.552460e+06
       -2.555891e+06
       -2.559322e+06
       -2.562754e+06
       -2.566186e+06
       -2.569617e+06
       -2.573048e+06
       -2.576481e+06
       -2.579912e+06
       -2.583342e+06
       -2.586772e+06
       -2.590206e+06
       -2.593636e+06
       -2.597069e+06
       -2.600498e+06
       -2.603930e+06
       -2.607363e+06
       -2.610794e+06
       -2.614225e+06
       -2.617657e+06
       -2.621089e+06
       -2.624519e+06
       -2.627952e+06
       -2.631382e+06
       -2.634813e+06
       -2.638243e+06
       -2.641677e+06
       -2.645108e+06
       -2.648539e+06
       -2.651969e+06
       -2.655403e+06
       -2.658833e+06
       -2.662265e+06
       -2.665696e+06
       -2.669127e+06
       -2.672560e+06
       -2.675991e+06
       -2.679423e+06
       -2.682852e+06
       -2.686284e+06
       -2.689715e+06
       -2.693148e+06
       -2.696580e+06
       -2.700010e+06
       -2.703441e+06
       -2.706874e+06
       -2.710305e+06
       -2.713734e+06
       -2.717167e+06
       -2.720599e+06
       -2.724030e+06
       -2.727461e+06
       -2.730892e+06
       -2.734323e+06
       -2.737754e+06
       -2.741187e+06
       -2.744619e+06
       -2.748050e+06
       -2.751481e+06
       -2.754914e+06
       -2.758345e+06
       -2.761775e+06
       -2.765206e+06
       -2.768638e+06
       -2.772071e+06
       -2.775501e+06
       -2.778932e+06
       -2.782363e+06
       -2.785796e+06
       -2.789225e+06
       -2.792657e+06
       -2.796089e+06
       -2.799522e+06
       -2.802951e+06
       -2.806385e+06
       -2.809816e+06
       -2.813246e+06
       -2.816677e+06
       -2.820110e+06
       -2.823541e+06
       -2.826972e+06
       -2.830404e+06
       -2.833834e+06
       -2.837266e+06
       -2.840696e+06
       -2.844129e+06
       -2.847560e+06
       -2.850993e+06
       -2.854422e+06
       -2.857856e+06
       -2.861286e+06
       -2.864717e+06
       -2.868148e+06
       -2.871580e+06
       -2.875014e+06
       -2.878443e+06
       -2.881875e+06
       -2.885305e+06
       -2.888737e+06
       -2.892167e+06
       -2.895601e+06
       -2.899031e+06
       -2.902463e+06
       -2.905894e+06
       -2.909328e+06
       -2.912756e+06
       -2.916188e+06
       -2.919619e+06
       -2.923052e+06
       -2.926484e+06
       -2.929914e+06
       -2.933345e+06
       -2.936776e+06
       -2.940208e+06
       -2.943638e+06
       -2.947071e+06
       -2.950502e+06
       -2.953934e+06
       -2.957366e+06
       -2.960799e+06
       -2.964228e+06
       -2.967659e+06
       -2.971090e+06
       -2.974524e+06
       -2.977954e+06
       -2.981384e+06
       -2.984817e+06
       -2.988247e+06
       -2.991679e+06
       -2.995108e+06
       -2.998542e+06
       -3.001973e+06
       -3.005405e+06
       -3.008836e+06
       -3.012268e+06
       -3.015699e+06
       -3.019131e+06
       -3.022562e+06
       -3.025995e+06
       -3.029425e+06
       -3.032855e+06
       -3.036288e+06
       -3.039719e+06
       -3.043149e+06
       -3.046580e+06
       -3.050014e+06
       -3.053445e+06
       -3.056876e+06
       -3.060309e+06
       -3.063738e+06
       -3.067170e+06
       -3.070601e+06
       -3.074033e+06
       -3.077466e+06
       -3.080896e+06
       -3.084327e+06
       -3.087758e+06
       -3.091190e+06
       -3.094620e+06
       -3.098051e+06
       -3.101485e+06
       -3.104916e+06
       -3.108347e+06
       -3.111779e+06
       -3.115210e+06
       -3.118640e+06
       -3.122071e+06
       -3.125505e+06
       -3.128936e+06
       -3.132367e+06
       -3.135797e+06
       -3.139230e+06
       -3.142660e+06
       -3.146091e+06
       -3.149523e+06
       -3.152955e+06
       -3.156388e+06
       -3.159819e+06
       -3.163250e+06
       -3.166680e+06
       -3.170112e+06
       -3.173542e+06
       -3.176976e+06
       -3.180408e+06
       -3.183838e+06
       -3.187269e+06
       -3.190701e+06
       -3.194131e+06
       -3.197561e+06
       -3.200994e+06
       -3.204427e+06
       -3.207858e+06
       -3.211289e+06
       -3.214721e+06
       -3.218151e+06
       -3.221583e+06
       -3.225015e+06
       -3.228445e+06
       -3.231878e+06
       -3.235309e+06
       -3.238741e+06
       -3.242172e+06
       -3.245601e+06
       -3.249033e+06
       -3.252465e+06
       -3.255898e+06
       -3.259329e+06
       -3.262759e+06
       -3.266191e+06
       -3.269624e+06
       -3.273053e+06
       -3.276485e+06
       -3.279917e+06
       -3.283349e+06
       -3.286780e+06
       -3.290212e+06
       -3.293642e+06
       -3.297072e+06
       -3.300504e+06
       -3.303937e+06
       -3.307370e+06
       -3.310799e+06
       -3.314232e+06
       -3.317662e+06
       -3.321095e+06
       -3.324524e+06
       -3.327956e+06
       -3.331387e+06
       -3.334821e+06
       -3.338249e+06
       -3.341683e+06
       -3.345112e+06
       -3.348545e+06
       -3.351976e+06
       -3.355407e+06
       -3.358842e+06
       -3.362270e+06
       -3.365703e+06
       -3.369133e+06
       -3.372565e+06
       -3.375994e+06
       -3.379429e+06
       -3.382858e+06
       -3.386291e+06
       -3.389721e+06
       -3.393153e+06
       -3.396584e+06
       -3.400015e+06
       -3.403447e+06
       -3.406879e+06
       -3.410311e+06
       -3.413742e+06
       -3.417174e+06
       -3.420604e+06
       -3.424037e+06
       -3.427466e+06
       -3.430900e+06
       -3.434329e+06
       -3.437762e+06
       -3.441192e+06
       -3.444625e+06
       -3.448054e+06
       -3.451486e+06
       -3.454918e+06
       -3.458352e+06
       -3.461782e+06
       -3.465212e+06
       -3.468645e+06
       -3.472075e+06
       -3.475506e+06
       -3.478937e+06
       -3.482370e+06
       -3.485801e+06
       -3.489234e+06
       -3.492663e+06
       -3.496095e+06
       -3.499526e+06
       -3.502958e+06
       -3.506391e+06
       -3.509821e+06
       -3.513253e+06
       -3.516683e+06
       -3.520116e+06
       -3.523547e+06
       -3.526976e+06
       -3.530409e+06
       -3.533841e+06
       -3.537272e+06
       -3.540703e+06
       -3.544134e+06
       -3.547565e+06
       -3.550997e+06
       -3.554430e+06
       -3.557861e+06
       -3.561292e+06
       -3.564724e+06
       -3.568155e+06
       -3.571586e+06
       -3.575017e+06
       -3.578449e+06
       -3.581880e+06
       -3.585312e+06
       -3.588743e+06
       -3.592173e+06
       -3.595606e+06
       -3.599037e+06
       -3.602468e+06
       -3.605899e+06
       -3.609332e+06
       -3.612762e+06
       -3.616195e+06
       -3.619626e+06
       -3.623058e+06
       -3.626488e+06
       -3.629920e+06
       -3.633352e+06
       -3.636782e+06
       -3.640214e+06
       -3.643645e+06
       -3.647077e+06
       -3.650507e+06
       -3.653940e+06
       -3.657371e+06
       -3.660803e+06
       -3.664235e+06
       -3.667665e+06
       -3.671097e+06
       -3.674528e+06
       -3.677959e+06
       -3.681390e+06
       -3.684823e+06
       -3.688254e+06
       -3.691684e+06
       -3.695116e+06
       -3.698548e+06
       -3.701978e+06
       -3.705411e+06
       -3.708843e+06
       -3.712274e+06
       -3.715705e+06
       -3.719137e+06
       -3.722568e+06
       -3.725999e+06
       -3.729430e+06
       -3.732862e+06
       -3.736293e+06
       -3.739725e+06
       -3.743155e+06
       -3.746587e+06
       -3.750019e+06
       -3.753451e+06
       -3.756883e+06
       -3.760313e+06
       -3.763745e+06
       -3.767176e+06
       -3.770608e+06
       -3.774040e+06
       -3.777469e+06
       -3.780902e+06
       -3.784333e+06
       -3.787765e+06
       -3.791194e+06
       -3.794625e+06
       -3.798059e+06
       -3.801489e+06
       -3.804923e+06
       -3.808352e+06
       -3.811784e+06
       -3.815215e+06
       -3.818648e+06
       -3.822078e+06
       -3.825510e+06
       -3.828941e+06
       -3.832373e+06
       -3.835805e+06
       -3.839235e+06
       -3.842667e+06
       -3.846097e+06
       -3.849530e+06
       -3.852961e+06
       -3.856392e+06
       -3.859823e+06
       -3.863257e+06
       -3.866686e+06
       -3.870118e+06
       -3.873548e+06
       -3.876981e+06
       -3.880412e+06
       -3.883845e+06
       -3.887275e+06
       -3.890706e+06
       -3.894138e+06
       -3.897569e+06
       -3.901000e+06
       -3.904431e+06
       -3.907865e+06
       -3.911294e+06
       -3.914728e+06
       -3.918157e+06
       -3.921589e+06
       -3.925020e+06
       -3.928453e+06
       -3.931883e+06
       -3.935315e+06
       -3.938746e+06
       -3.942177e+06
       -3.945608e+06
       -3.949039e+06
       -3.952473e+06
       -3.955902e+06
       -3.959336e+06
       -3.962765e+06
       -3.966198e+06
       -3.969629e+06
       -3.973060e+06
       -3.976491e+06
       -3.979923e+06
       -3.983355e+06
       -3.986786e+06
       -3.990216e+06
       -3.993649e+06
       -3.997078e+06
       -4.000510e+06
       -4.003943e+06
       -4.007375e+06
       -4.010805e+06
       -4.014237e+06
       -4.017669e+06
       -4.021100e+06
       -4.024531e+06
       -4.027962e+06
       -4.031395e+06
       -4.034826e+06
       -4.038258e+06
       -4.041687e+06
       -4.045119e+06
       -4.048550e+06
       -4.051981e+06
       -4.055413e+06
       -4.058846e+06
       -4.062277e+06
       -4.065708e+06
       -4.069140e+06
       -4.072570e+06
       -4.076000e+06
       -4.079433e+06
       -4.082866e+06
       -4.086297e+06
       -4.089727e+06
       -4.093159e+06
       -4.096590e+06
       -4.100021e+06
       -4.103455e+06
       -4.106884e+06
       -4.110317e+06
       -4.113748e+06
       -4.117180e+06
       -4.120610e+06
       -4.124041e+06
       -4.127472e+06
       -4.130905e+06
       -4.134337e+06
       -4.137768e+06
       -4.141197e+06
       -4.144630e+06
       -4.148062e+06
       -4.151491e+06
       -4.154924e+06
       -4.158357e+06
       -4.161788e+06
       -4.165219e+06
       -4.168650e+06
       -4.172081e+06
       -4.175512e+06
       -4.178943e+06
       -4.182377e+06
       -4.185808e+06
       -4.189238e+06
       -4.192670e+06
       -4.196101e+06
       -4.199532e+06
       -4.202963e+06
       -4.206394e+06
       -4.209828e+06
       -4.213259e+06
       -4.216689e+06
       -4.220121e+06
       -4.223552e+06
       -4.226984e+06
       -4.230413e+06
       -4.233848e+06
       -4.237279e+06
       -4.240709e+06
       -4.244140e+06
       -4.247572e+06
       -4.251003e+06
       -4.254433e+06
       -4.257868e+06
       -4.261298e+06
       -4.264729e+06
       -4.268161e+06
       -4.271591e+06
       -4.275024e+06
       -4.278453e+06
       -4.281886e+06
       -4.285318e+06
       -4.288750e+06
       -4.292180e+06
       -4.295611e+06
       -4.299043e+06
       -4.302475e+06
       -4.305904e+06
       -4.309339e+06
       -4.312770e+06
       -4.316201e+06
       -4.319632e+06
       -4.323062e+06
       -4.326494e+06
       -4.329924e+06
       -4.333358e+06
       -4.336789e+06
       -4.340220e+06
       -4.343650e+06
       -4.347083e+06
       -4.350513e+06
       -4.353944e+06
       -4.357375e+06
       -4.360810e+06
       -4.364242e+06
       -4.367673e+06
       -4.371102e+06
       -4.374533e+06
       -4.377966e+06
       -4.381395e+06
       -4.384829e+06
       -4.388259e+06
       -4.391692e+06
       -4.395121e+06
       -4.398555e+06
       -4.401984e+06
       -4.405415e+06
       -4.408848e+06
       -4.412282e+06
       -4.415712e+06
       -4.419143e+06
       -4.422573e+06
       -4.426005e+06
       -4.429437e+06
       -4.432866e+06
       -4.436298e+06
       -4.439730e+06
       -4.443163e+06
       -4.446593e+06
       -4.450025e+06
       -4.453455e+06
       -4.456887e+06
       -4.460319e+06
       -4.463752e+06
       -4.467183e+06
       -4.470613e+06
       -4.474044e+06
       -4.477477e+06
       -4.480906e+06
       -4.484338e+06
       -4.487770e+06
       -4.491201e+06
       -4.494633e+06
       -4.498064e+06
       -4.501497e+06
       -4.504926e+06
       -4.508359e+06
       -4.511790e+06
       -4.515223e+06
       -4.518654e+06
       -4.522085e+06
       -4.525514e+06
       -4.528947e+06
       -4.532378e+06
       -4.535808e+06
       -4.539241e+06
       -4.542673e+06
       -4.546103e+06
       -4.549535e+06
       -4.552966e+06
       -4.556398e+06
       -4.559829e+06
       -4.563261e+06
       -4.566695e+06
       -4.570124e+06
       -4.573555e+06
       -4.576987e+06
       -4.580418e+06
       -4.583849e+06
       -4.587282e+06
       -4.590711e+06
       -4.594144e+06
       -4.597575e+06
       -4.601006e+06
       -4.604436e+06
       -4.607869e+06
       -4.611301e+06
       -4.614732e+06
       -4.618165e+06
       -4.621595e+06
       -4.625027e+06
       -4.628458e+06
       -4.631891e+06
       -4.635318e+06
       -4.638752e+06
       -4.642183e+06
       -4.645615e+06
       -4.649046e+06
       -4.652476e+06
       -4.655907e+06
       -4.659340e+06
       -4.662772e+06
       -4.666205e+06
       -4.669634e+06
       -4.673066e+06
       -4.676498e+06
       -4.679929e+06
       -4.683360e+06
       -4.686791e+06
       -4.690222e+06
       -4.693654e+06
       -4.697087e+06
       -4.700516e+06
       -4.703947e+06
       -4.707379e+06
       -4.710811e+06
       -4.714243e+06
       -4.717674e+06
       -4.721107e+06
       -4.724537e+06
       -4.727969e+06
       -4.731400e+06
       -4.734830e+06
       -4.738262e+06
       -4.741694e+06
       -4.745125e+06
       -4.748557e+06
       -4.751987e+06
       -4.755418e+06
       -4.758851e+06
       -4.762283e+06
       -4.765714e+06
       -4.769145e+06
       -4.772578e+06
       -4.776008e+06
       -4.779439e+06
       -4.782871e+06
       -4.786302e+06
       -4.789733e+06
       -4.793164e+06
       -4.796597e+06
       -4.800028e+06
       -4.803459e+06
       -4.806890e+06
       -4.810322e+06
       -4.813753e+06
       -4.817185e+06
       -4.820615e+06
       -4.824048e+06
       -4.827478e+06
       -4.830911e+06
       -4.834341e+06
       -4.837774e+06
       -4.841204e+06
       -4.844636e+06
       -4.848069e+06
       -4.851499e+06
       -4.854929e+06
       -4.858362e+06
       -4.861794e+06
       -4.865224e+06
       -4.868656e+06
       -4.872086e+06
       -4.875519e+06
       -4.878949e+06
       -4.882382e+06
       -4.885811e+06
       -4.889244e+06
       -4.892675e+06
       -4.896108e+06
       -4.899540e+06
       -4.902969e+06
       -4.906401e+06
       -4.909833e+06
       -4.913266e+06
       -4.916694e+06
       -4.920126e+06
       -4.923557e+06
       -4.926991e+06
       -4.930420e+06
       -4.933852e+06
       -4.937283e+06
       -4.940716e+06
       -4.944146e+06
       -4.947579e+06
       -4.951009e+06
       -4.954440e+06
       -4.957871e+06
       -4.961305e+06
       -4.964736e+06
       -4.968165e+06
       -4.971598e+06
       -4.975028e+06
       -4.978462e+06
       -4.981892e+06
       -4.985323e+06
       -4.988755e+06
       -4.992187e+06
       -4.995617e+06
       -4.999049e+06
       -5.002480e+06
       -5.005912e+06
       -5.009343e+06
       -5.012775e+06
       -5.016206e+06
       -5.019636e+06
       -5.023069e+06
       -5.026500e+06
       -5.029932e+06
       -5.033362e+06
       -5.036795e+06
       -5.040226e+06
       -5.043657e+06
       -5.047088e+06
       -5.050520e+06
       -5.053951e+06
       -5.057382e+06
       -5.060814e+06
       -5.064248e+06
       -5.067677e+06
       -5.071110e+06
       -5.074539e+06
       -5.077971e+06
       -5.081403e+06
       -5.084833e+06
       -5.088265e+06
       -5.091697e+06
       -5.095127e+06
       -5.098559e+06
       -5.101990e+06
       -5.105421e+06
       -5.108853e+06
       -5.112285e+06
       -5.115718e+06
       -5.119148e+06
       -5.122579e+06
       -5.126010e+06
       -5.129441e+06
       -5.132872e+06
       -5.136303e+06
       -5.139735e+06
       -5.143167e+06
       -5.146598e+06
       -5.150028e+06
       -5.153460e+06
       -5.156892e+06
       -5.160325e+06
       -5.163756e+06
       -5.167188e+06
       -5.170618e+06
       -5.174050e+06
       -5.177481e+06
       -5.180914e+06
       -5.184342e+06
       -5.187774e+06
       -5.191207e+06
       -5.194638e+06
       -5.198067e+06
       -5.201500e+06
       -5.204931e+06
       -5.208363e+06
       -5.211796e+06
       -5.215227e+06
       -5.218658e+06
       -5.222089e+06
       -5.225521e+06
       -5.228952e+06
       -5.232383e+06
       -5.235814e+06
       -5.239245e+06
       -5.242679e+06
       -5.246109e+06
       -5.249539e+06
       -5.252971e+06
       -5.256403e+06
       -5.259835e+06
       -5.263266e+06
       -5.266698e+06
       -5.270130e+06
       -5.273560e+06
       -5.276991e+06
       -5.280423e+06
       -5.283853e+06
       -5.287286e+06
       -5.290719e+06
       -5.294149e+06
       -5.297578e+06
       -5.301011e+06
       -5.304442e+06
       -5.307873e+06
       -5.311306e+06
       -5.314736e+06
       -5.318169e+06
       -5.321601e+06
       -5.325031e+06
       -5.328462e+06
       -5.331894e+06
       -5.335325e+06
       -5.338757e+06
       -5.342189e+06
       -5.345621e+06
       -5.349049e+06
       -5.352482e+06
       -5.355912e+06
       -5.359345e+06
       -5.362776e+06
       -5.366209e+06
       -5.369640e+06
       -5.373071e+06
       -5.376503e+06
       -5.379935e+06
       -5.383365e+06
       -5.386795e+06
       -5.390228e+06
       -5.393660e+06
       -5.397091e+06
       -5.400521e+06
       -5.403952e+06
       -5.407383e+06
       -5.410817e+06
       -5.414246e+06
       -5.417679e+06
       -5.421111e+06
       -5.424542e+06
       -5.427973e+06
       -5.431405e+06
       -5.434836e+06
       -5.438266e+06
       -5.441700e+06
       -5.445132e+06
       -5.448561e+06
       -5.451991e+06
       -5.455424e+06
       -5.458854e+06
       -5.462288e+06
       -5.465718e+06
       -5.469151e+06
       -5.472582e+06
       -5.476014e+06
       -5.479444e+06
       -5.482875e+06
       -5.486306e+06
       -5.489738e+06
       -5.493170e+06
       -5.496601e+06
       -5.500032e+06
       -5.503464e+06
       -5.506895e+06
       -5.510328e+06
       -5.513757e+06
       -5.517190e+06
       -5.520623e+06
       -5.524053e+06
       -5.527484e+06
       -5.530914e+06
       -5.534346e+06
       -5.537777e+06
       -5.541209e+06
       -5.544641e+06
       -5.548072e+06
       -5.551503e+06
       -5.554936e+06
       -5.558365e+06
       -5.561798e+06
       -5.565228e+06
       -5.568661e+06
       -5.572094e+06
       -5.575524e+06
       -5.578954e+06
       -5.582385e+06
       -5.585818e+06
       -5.589247e+06
       -5.592682e+06
       -5.596111e+06
       -5.599545e+06
       -5.602974e+06
       -5.606406e+06
       -5.609838e+06
       -5.613269e+06
       -5.616699e+06
       -5.620133e+06
       -5.623563e+06
       -5.626995e+06
       -5.630425e+06
       -5.633856e+06
       -5.637288e+06
       -5.640719e+06
       -5.644153e+06
       -5.647583e+06
       -5.651016e+06
       -5.654445e+06
       -5.657877e+06
       -5.661309e+06
       -5.664740e+06
       -5.668170e+06
       -5.671603e+06
       -5.675035e+06
       -5.678465e+06
       -5.681897e+06
       -5.685327e+06
       -5.688759e+06
       -5.692190e+06
       -5.695623e+06
       -5.699053e+06
       -5.702485e+06
       -5.705916e+06
       -5.709350e+06
       -5.712779e+06
       -5.716211e+06
       -5.719642e+06
       -5.723074e+06
       -5.726507e+06
       -5.729936e+06
       -5.733367e+06
       -5.736799e+06
       -5.740231e+06
       -5.743662e+06
       -5.747093e+06
       -5.750525e+06
       -5.753956e+06
       -5.757387e+06
       -5.760820e+06
       -5.764250e+06
       -5.767681e+06
       -5.771114e+06
       -5.774546e+06
       -5.777976e+06
       -5.781407e+06
       -5.784839e+06
       -5.788270e+06
       -5.791702e+06
       -5.795132e+06
       -5.798564e+06
       -5.801996e+06
       -5.805428e+06
       -5.808857e+06
       -5.812289e+06
       -5.815722e+06
       -5.819154e+06
       -5.822585e+06
       -5.826017e+06
       -5.829448e+06
       -5.832877e+06
       -5.836310e+06
       -5.839741e+06
       -5.843172e+06
       -5.846603e+06
       -5.850036e+06
       -5.853467e+06
       -5.856898e+06
       -5.860331e+06
       -5.863760e+06
       -5.867193e+06
       -5.870624e+06
       -5.874056e+06
       -5.877487e+06
       -5.880919e+06
       -5.884349e+06
       -5.887780e+06
       -5.891211e+06
       -5.894644e+06
       -5.898073e+06
       -5.901507e+06
       -5.904939e+06
       -5.908369e+06
       -5.911801e+06
       -5.915233e+06
       -5.918663e+06
       -5.922095e+06
       -5.925527e+06
       -5.928959e+06
       -5.932390e+06
       -5.935819e+06
       -5.939252e+06
       -5.942683e+06
       -5.946115e+06
       -5.949545e+06
       -5.952977e+06
       -5.956409e+06
       -5.959841e+06
       -5.963271e+06
       -5.966703e+06
       -5.970135e+06
       -5.973566e+06
       -5.976997e+06
       -5.980429e+06
       -5.983861e+06
       -5.987291e+06
       -5.990723e+06
       -5.994154e+06
       -5.997585e+06
       -6.001016e+06
       -6.004450e+06
       -6.007880e+06
       -6.011311e+06
       -6.014742e+06
       -6.018174e+06
       -6.021606e+06
       -6.025038e+06
       -6.028466e+06
       -6.031901e+06
       -6.035331e+06
       -6.038764e+06
       -6.042194e+06
       -6.045624e+06
       -6.049057e+06
       -6.052487e+06
       -6.055921e+06
       -6.059350e+06
       -6.062782e+06
       -6.066213e+06
       -6.069646e+06
       -6.073077e+06
       -6.076507e+06
       -6.079938e+06
       -6.083372e+06
       -6.086802e+06
       -6.090234e+06
       -6.093664e+06
       -6.097096e+06
       -6.100527e+06
       -6.103959e+06
       -6.107391e+06
       -6.110822e+06
       -6.114254e+06
       -6.117684e+06
       -6.121117e+06
       -6.124548e+06
       -6.127979e+06
       -6.131409e+06
       -6.134844e+06
       -6.138272e+06
       -6.141705e+06
       -6.145135e+06
       -6.148569e+06
       -6.151997e+06
       -6.155429e+06
       -6.158861e+06
       -6.162293e+06
       -6.165725e+06
       -6.169155e+06
       -6.172588e+06
       -6.176018e+06
       -6.179451e+06
       -6.182881e+06
       -6.186314e+06
       -6.189744e+06
       -6.193175e+06
       -6.196606e+06
       -6.200039e+06
       -6.203469e+06
       -6.206900e+06
       -6.210334e+06
       -6.213765e+06
       -6.217195e+06
       -6.220626e+06
       -6.224060e+06
       -6.227489e+06
       -6.230920e+06
       -6.234352e+06
       -6.237784e+06
       -6.241215e+06
       -6.244647e+06
       -6.248077e+06
       -6.251510e+06
       -6.254941e+06
       -6.258372e+06
       -6.261804e+06
       -6.265235e+06
       -6.268667e+06
       -6.272098e+06
       -6.275530e+06
       -6.278960e+06
       -6.282391e+06
       -6.285823e+06
       -6.289256e+06
       -6.292684e+06
       -6.296116e+06
       -6.299550e+06
       -6.302980e+06
       -6.306412e+06
       -6.309842e+06
       -6.313276e+06
       -6.316706e+06
       -6.320138e+06
       -6.323571e+06
       -6.327000e+06
       -6.330431e+06
       -6.333863e+06
       -6.337294e+06
       -6.340726e+06
       -6.344157e+06
       -6.347587e+06
       -6.351021e+06
       -6.354452e+06
       -6.357881e+06
       -6.361314e+06
       -6.364747e+06
       -6.368177e+06
       -6.371608e+06
       -6.375039e+06
       -6.378472e+06
       -6.381903e+06
       -6.385334e+06
       -6.388766e+06
       -6.392196e+06
       -6.395628e+06
       -6.399060e+06
       -6.402491e+06
       -6.405922e+06
       -6.409353e+06
       -6.412785e+06
       -6.416218e+06
       -6.419648e+06
       -6.423080e+06
       -6.426510e+06
       -6.429943e+06
       -6.433373e+06
       -6.436804e+06
       -6.440236e+06
       -6.443668e+06
       -6.447099e+06
       -6.450531e+06
       -6.453963e+06
       -6.457392e+06
       -6.460825e+06
       -6.464257e+06
       -6.467688e+06
       -6.471120e+06
       -6.474551e+06
       -6.477983e+06
       -6.481413e+06
       -6.484844e+06
       -6.488276e+06
       -6.491707e+06
       -6.495139e+06
       -6.498569e+06
       -6.502002e+06
       -6.505433e+06
       -6.508864e+06
       -6.512295e+06
       -6.515727e+06
       -6.519160e+06
       -6.522591e+06
       -6.526022e+06
       -6.529453e+06
       -6.532885e+06
       -6.536315e+06
       -6.539747e+06
       -6.543178e+06
       -6.546609e+06
       -6.550041e+06
       -6.553474e+06
       -6.556903e+06
       -6.560336e+06
       -6.563766e+06
       -6.567199e+06
       -6.570630e+06
       -6.574062e+06
       -6.577491e+06
       -6.580925e+06
       -6.584356e+06
       -6.587787e+06
       -6.591217e+06
       -6.594649e+06
       -6.598081e+06
       -6.601512e+06
       -6.604946e+06
       -6.608374e+06
       -6.611807e+06
       -6.615237e+06
       -6.618671e+06
       -6.622100e+06
       -6.625533e+06
       -6.628964e+06
       -6.632396e+06
       -6.635826e+06
       -6.639256e+06
       -6.642688e+06
       -6.646120e+06
       -6.649553e+06
       -6.652983e+06
       -6.656415e+06
       -6.659845e+06
       -6.663279e+06
       -6.666708e+06
       -6.670141e+06
       -6.673571e+06
       -6.677004e+06
       -6.680435e+06
       -6.683867e+06
       -6.687296e+06
       -6.690728e+06
       -6.694160e+06
       -6.697592e+06
       -6.701023e+06
       -6.704454e+06
       -6.707886e+06
       -6.711317e+06
       -6.714750e+06
       -6.718180e+06
       -6.721612e+06
       -6.725042e+06
       -6.728476e+06
       -6.731905e+06
       -6.735338e+06
       -6.738768e+06
       -6.742199e+06
       -6.745631e+06
       -6.749062e+06
       -6.752495e+06
       -6.755924e+06
       -6.759357e+06
       -6.762788e+06
       -6.766219e+06
       -6.769651e+06
       -6.773082e+06
       -6.776514e+06
       -6.779945e+06
       -6.783378e+06
       -6.786809e+06
       -6.790239e+06
       -6.793670e+06
       -6.797101e+06
       -6.800533e+06
       -6.803966e+06
       -6.807397e+06
       -6.810828e+06
       -6.814259e+06
       -6.817691e+06
       -6.821123e+06
       -6.824552e+06
       -6.827986e+06
       -6.831416e+06
       -6.834849e+06
       -6.838279e+06
       -6.841709e+06
       -6.845140e+06
       -6.848573e+06
       -6.852005e+06
       -6.855436e+06
       -6.858867e+06
       -6.862300e+06
       -6.865730e+06
       -6.869162e+06
       -6.872593e+06
       -6.876023e+06
       -6.879457e+06
       -6.882888e+06
       -6.886320e+06
       -6.889749e+06
       -6.893181e+06
       -6.896612e+06
       -6.900044e+06
       -6.903476e+06
       -6.906906e+06
       -6.910338e+06
       -6.913771e+06
       -6.917203e+06
       -6.920631e+06
       -6.924064e+06
       -6.927496e+06
       -6.930928e+06
       -6.934358e+06
       -6.937790e+06
       -6.941220e+06
       -6.944652e+06
       -6.948084e+06
       -6.951514e+06
       -6.954946e+06
       -6.958378e+06
       -6.961810e+06
       -6.965241e+06
       -6.968672e+06
       -6.972103e+06
       -6.975534e+06
       -6.978967e+06
       -6.982398e+06
       -6.985830e+06
       -6.989261e+06
       -6.992692e+06
       -6.996123e+06
       -6.999555e+06
       -7.002987e+06
       -7.006418e+06
       -7.009849e+06
       -7.013282e+06
       -7.016712e+06
       -7.020142e+06
       -7.023574e+06
       -7.027006e+06
       -7.030437e+06
       -7.033869e+06
       -7.037301e+06
       -7.040731e+06
       -7.044163e+06
       -7.047593e+06
       -7.051026e+06
       -7.054457e+06
       -7.057890e+06
       -7.061320e+06
       -7.064752e+06
       -7.068184e+06
       -7.071613e+06
       -7.075045e+06
       -7.078477e+06
       -7.081909e+06
       -7.085340e+06
       -7.088773e+06
       -7.092202e+06
       -7.095634e+06
       -7.099064e+06
       -7.102498e+06
       -7.105926e+06
       -7.109360e+06
       -7.112791e+06
       -7.116224e+06
       -7.119654e+06
       -7.123084e+06
       -7.126516e+06
       -7.129948e+06
       -7.133381e+06
       -7.136811e+06
       -7.140243e+06
       -7.143673e+06
       -7.147106e+06
       -7.150535e+06
       -7.153968e+06
       -7.157398e+06
       -7.160831e+06
       -7.164263e+06
       -7.167696e+06
       -7.171123e+06
       -7.174555e+06
       -7.177988e+06
       -7.181419e+06
       -7.184851e+06
       -7.188281e+06
       -7.191715e+06
       -7.195144e+06
       -7.198577e+06
       -7.202006e+06
       -7.205439e+06
       -7.208869e+06
       -7.212304e+06
       -7.215733e+06
       -7.219165e+06
       -7.222596e+06
       -7.226027e+06
       -7.229460e+06
       -7.232890e+06
       -7.236320e+06
       -7.239752e+06
       -7.243185e+06
       -7.246615e+06
       -7.250046e+06
       -7.253477e+06
       -7.256911e+06
       -7.260341e+06
       -7.263774e+06
       -7.267206e+06
       -7.270636e+06
       -7.274067e+06
       -7.277499e+06
       -7.280930e+06
       -7.284361e+06
       -7.287792e+06
       -7.291223e+06
       -7.294655e+06
       -7.298086e+06
       -7.301518e+06
       -7.304949e+06
       -7.308381e+06
       -7.311813e+06
       -7.315244e+06
       -7.318676e+06
       -7.322108e+06
       -7.325537e+06
       -7.328969e+06
       -7.332402e+06
       -7.335831e+06
       -7.339263e+06
       -7.342695e+06
       -7.346126e+06
       -7.349558e+06
       -7.352988e+06
       -7.356421e+06
       -7.359851e+06
       -7.363284e+06
       -7.366716e+06
       -7.370147e+06
       -7.373577e+06
       -7.377009e+06
       -7.380440e+06
       -7.383873e+06
       -7.387303e+06
       -7.390734e+06
       -7.394166e+06
       -7.397598e+06
       -7.401028e+06
       -7.404458e+06
       -7.407892e+06
       -7.411323e+06
       -7.414755e+06
       -7.418186e+06
       -7.421618e+06
       -7.425048e+06
       -7.428480e+06
       -7.431913e+06
       -7.435342e+06
       -7.438774e+06
       -7.442206e+06
       -7.445637e+06
       -7.449069e+06
       -7.452498e+06
       -7.455930e+06
       -7.459363e+06
       -7.462795e+06
       -7.466226e+06
       -7.469656e+06
       -7.473089e+06
       -7.476520e+06
       -7.479951e+06
       -7.483384e+06
       -7.486814e+06
       -7.490245e+06
       -7.493677e+06
       -7.497108e+06
       -7.500538e+06
       -7.503969e+06
       -7.507402e+06
       -7.510833e+06
       -7.514265e+06
       -7.517695e+06
       -7.521129e+06
       -7.524560e+06
       -7.527991e+06
       -7.531422e+06
       -7.534854e+06
       -7.538285e+06
       -7.541717e+06
       -7.545147e+06
       -7.548580e+06
       -7.552010e+06
       -7.555440e+06
       -7.558873e+06
       -7.562305e+06
       -7.565736e+06
       -7.569166e+06
       -7.572601e+06
       -7.576030e+06
       -7.579462e+06
       -7.582893e+06
       -7.586326e+06
       -7.589756e+06
       -7.593187e+06
       -7.596619e+06
       -7.600050e+06
       -7.603481e+06
       -7.606911e+06
       -7.610344e+06
       -7.613776e+06
       -7.617208e+06
       -7.620637e+06
       -7.624071e+06
       -7.627501e+06
       -7.630934e+06
       -7.634363e+06
       -7.637796e+06
       -7.641226e+06
       -7.644658e+06
       -7.648089e+06
       -7.651522e+06
       -7.654950e+06
       -7.658384e+06
       -7.661818e+06
       -7.665247e+06
       -7.668678e+06
       -7.672108e+06
       -7.675542e+06
       -7.678972e+06
       -7.682404e+06
       -7.685834e+06
       -7.689267e+06
       -7.692697e+06
       -7.696130e+06
       -7.699561e+06
       -7.702992e+06
       -7.706423e+06
       -7.709855e+06
       -7.713288e+06
       -7.716717e+06
       -7.720148e+06
       -7.723579e+06
       -7.727014e+06
       -7.730443e+06
       -7.733875e+06
       -7.737305e+06
       -7.740739e+06
       -7.744168e+06
       -7.747600e+06
       -7.751032e+06
       -7.754463e+06
       -7.757894e+06
       -7.761327e+06
       -7.764758e+06
       -7.768188e+06
       -7.771620e+06
       -7.775050e+06
       -7.778483e+06
       -7.781914e+06
       -7.785345e+06
       -7.788778e+06
       -7.792210e+06
       -7.795640e+06
       -7.799070e+06
       -7.802503e+06
       -7.805935e+06
       -7.809366e+06
       -7.812798e+06
       -7.816229e+06
       -7.819660e+06
       -7.823091e+06
       -7.826521e+06
       -7.829954e+06
       -7.833384e+06
       -7.836817e+06
       -7.840249e+06
       -7.843679e+06
       -7.847111e+06
       -7.850541e+06
       -7.853974e+06
       -7.857404e+06
       -7.860837e+06
       -7.864269e+06
       -7.867700e+06
       -7.871132e+06
       -7.874561e+06
       -7.877994e+06
       -7.881425e+06
       -7.884857e+06
       -7.888287e+06
       -7.891720e+06
       -7.895150e+06
       -7.898581e+06
       -7.902012e+06
       -7.905445e+06
       -7.908875e+06
       -7.912309e+06
       -7.915739e+06
       -7.919171e+06
       -7.922602e+06
       -7.926033e+06
       -7.929465e+06
       -7.932896e+06
       -7.936328e+06
       -7.939758e+06
       -7.943191e+06
       -7.946622e+06
       -7.950052e+06
       -7.953482e+06
       -7.956916e+06
       -7.960348e+06
       -7.963780e+06
       -7.967211e+06
       -7.970642e+06
       -7.974073e+06
       -7.977504e+06
       -7.980936e+06
       -7.984366e+06
       -7.987798e+06
       -7.991230e+06
       -7.994662e+06
       -7.998091e+06
       -8.001523e+06
       -8.004953e+06
       -8.008387e+06
       -8.011820e+06
       -8.015250e+06
       -8.018682e+06
       -8.022113e+06
       -8.025545e+06
       -8.028974e+06
       -8.032406e+06
       -8.035839e+06
       -8.039269e+06
       -8.042701e+06
       -8.046132e+06
       -8.049562e+06
       -8.052993e+06
       -8.056427e+06
       -8.059856e+06
       -8.063291e+06
       -8.066721e+06
       -8.070154e+06
       -8.073584e+06
       -8.077015e+06
       -8.080445e+06
       -8.083877e+06
       -8.087310e+06
       -8.090742e+06
       -8.094171e+06
       -8.097602e+06
       -8.101035e+06
       -8.104464e+06
       -8.107897e+06
       -8.111329e+06
       -8.114761e+06
       -8.118191e+06
       -8.121625e+06
       -8.125054e+06
       -8.128486e+06
       -8.131916e+06
       -8.135349e+06
       -8.138781e+06
       -8.142212e+06
       -8.145645e+06
       -8.149073e+06
       -8.152506e+06
       -8.155935e+06
       -8.159368e+06
       -8.162800e+06
       -8.166233e+06
       -8.169661e+06
       -8.173095e+06
       -8.176525e+06
       -8.179957e+06
       -8.183386e+06
       -8.186820e+06
       -8.190252e+06
       -8.193683e+06
       -8.197115e+06
       -8.200545e+06
       -8.203976e+06
       -8.207406e+06
       -8.210840e+06
       -8.214271e+06
       -8.217703e+06
       -8.221133e+06
       -8.224566e+06
       -8.227997e+06
       -8.231428e+06
       -8.234859e+06
       -8.238292e+06
       -8.241723e+06
       -8.245155e+06
       -8.248584e+06
       -8.252015e+06
       -8.255447e+06
       -8.258877e+06
       -8.262310e+06
       -8.265742e+06
       -8.269174e+06
       -8.272604e+06
       -8.276038e+06
       -8.279466e+06
       -8.282898e+06
       -8.286330e+06
       -8.289764e+06
       -8.293194e+06
       -8.296624e+06
       -8.300056e+06
       -8.303487e+06
       -8.306918e+06
       -8.310348e+06
       -8.313781e+06
       -8.317214e+06
       -8.320645e+06
       -8.324077e+06
       -8.327507e+06
       -8.330938e+06
       -8.334369e+06
       -8.337802e+06
       -8.341235e+06
       -8.344665e+06
       -8.348095e+06
       -8.351527e+06
       -8.354959e+06
       -8.358388e+06
       -8.361819e+06
       -8.365253e+06
       -8.368685e+06
       -8.372116e+06
       -8.375548e+06
       -8.378977e+06
       -8.382409e+06
       -8.385840e+06
       -8.389272e+06
       -8.392704e+06
       -8.396135e+06
       -8.399567e+06
       -8.402998e+06
       -8.406430e+06
       -8.409860e+06
       -8.413294e+06
       -8.416724e+06
       -8.420156e+06
       -8.423586e+06
       -8.427019e+06
       -8.430449e+06
       -8.433880e+06
       -8.437310e+06
       -8.440744e+06
       -8.444175e+06
       -8.447606e+06
       -8.451037e+06
       -8.454469e+06
       -8.457900e+06
       -8.461330e+06
       -8.464764e+06
       -8.468194e+06
       -8.471627e+06
       -8.475058e+06
       -8.478489e+06
       -8.481920e+06
       -8.485351e+06
       -8.488782e+06
       -8.492215e+06
       -8.495647e+06
       -8.499076e+06
       -8.502509e+06
       -8.505940e+06
       -8.509372e+06
       -8.512801e+06
       -8.516235e+06
       -8.519666e+06
       -8.523097e+06
       -8.526529e+06
       -8.529959e+06
       -8.533390e+06
       -8.536822e+06
       -8.540255e+06
       -8.543686e+06
       -8.547117e+06
       -8.550548e+06
       -8.553980e+06
       -8.557411e+06
       -8.560841e+06
       -8.564274e+06
       -8.567706e+06
       -8.571137e+06
       -8.574569e+06
       -8.577999e+06
       -8.581430e+06
       -8.584863e+06
       -8.588292e+06
       -8.591726e+06
       -8.595155e+06
       -8.598588e+06
       -8.602019e+06
       -8.605452e+06
       -8.608881e+06
       -8.612312e+06
       -8.615745e+06
       -8.619178e+06
       -8.622608e+06
       -8.626040e+06
       -8.629471e+06
       -8.632901e+06
       -8.636334e+06
       -8.639764e+06
       -8.643196e+06
       -8.646626e+06
       -8.650060e+06
       -8.653489e+06
       -8.656922e+06
       -8.660351e+06
       -8.663784e+06
       -8.667217e+06
       -8.670648e+06
       -8.674080e+06
       -8.677510e+06
       -8.680943e+06
       -8.684373e+06
       -8.687804e+06
       -8.691235e+06
       -8.694668e+06
       -8.698097e+06
       -8.701530e+06
       -8.704960e+06
       -8.708393e+06
       -8.711822e+06
       -8.715257e+06
       -8.718686e+06
       -8.722119e+06
       -8.725550e+06
       -8.728982e+06
       -8.732412e+06
       -8.735843e+06
       -8.739276e+06
       -8.742705e+06
       -8.746139e+06
       -8.749568e+06
       -8.753001e+06
       -8.756432e+06
       -8.759864e+06
       -8.763295e+06
       -8.766727e+06
       -8.770159e+06
       -8.773590e+06
       -8.777020e+06
       -8.780452e+06
       -8.783884e+06
       -8.787315e+06
       -8.790747e+06
       -8.794177e+06
       -8.797608e+06
       -8.801040e+06
       -8.804473e+06
       -8.807903e+06
       -8.811334e+06
       -8.814766e+06
       -8.818198e+06
       -8.821630e+06
       -8.825062e+06
       -8.828490e+06
       -8.831923e+06
       -8.835355e+06
       -8.838787e+06
       -8.842216e+06
       -8.845648e+06
       -8.849080e+06
       -8.852511e+06
       -8.855943e+06
       -8.859374e+06
       -8.862804e+06
       -8.866238e+06
       -8.869670e+06
       -8.873100e+06
       -8.876531e+06
       -8.879962e+06
       -8.883394e+06
       -8.886826e+06
       -8.890258e+06
       -8.893688e+06
       -8.897118e+06
       -8.900551e+06
       -8.903982e+06
       -8.907412e+06
       -8.910845e+06
       -8.914276e+06
       -8.917708e+06
       -8.921138e+06
       -8.924571e+06
       -8.928000e+06
       -8.931432e+06
       -8.934865e+06
       -8.938295e+06
       -8.941728e+06
       -8.945158e+06
       -8.948592e+06
       -8.952020e+06
       -8.955452e+06
       -8.958883e+06
       -8.962315e+06
       -8.965747e+06
       -8.969179e+06
       -8.972609e+06
       -8.976041e+06
       -8.979473e+06
       -8.982902e+06
       -8.986335e+06
       -8.989767e+06
       -8.993198e+06
       -8.996629e+06
       -9.000061e+06
       -9.003492e+06
       -9.006923e+06
       -9.010354e+06
       -9.013787e+06
       -9.017218e+06
       -9.020650e+06
       -9.024082e+06
       -9.027512e+06
       -9.030943e+06
       -9.034374e+06
       -9.037807e+06
       -9.041237e+06
       -9.044670e+06
       -9.048099e+06
       -9.051532e+06
       -9.054963e+06
       -9.058394e+06
       -9.061824e+06
       -9.065257e+06
       -9.068691e+06
       -9.072121e+06
       -9.075552e+06
       -9.078983e+06
       -9.082414e+06
       -9.085845e+06
       -9.089279e+06
       -9.092707e+06
       -9.096140e+06
       -9.099571e+06
       -9.103003e+06
       -9.106435e+06
       -9.109864e+06
       -9.113297e+06
       -9.116728e+06
       -9.120162e+06
       -9.123590e+06
       -9.127023e+06
       -9.130453e+06
       -9.133886e+06
       -9.137316e+06
       -9.140748e+06
       -9.144180e+06
       -9.147611e+06
       -9.151042e+06
       -9.154475e+06
       -9.157904e+06
       -9.161335e+06
       -9.164769e+06
       -9.168200e+06
       -9.171632e+06
       -9.175061e+06
       -9.178495e+06
       -9.181924e+06
       -9.185357e+06
       -9.188787e+06
       -9.192219e+06
       -9.195651e+06
       -9.199083e+06
       -9.202512e+06
       -9.205945e+06
       -9.209376e+06
       -9.212806e+06
       -9.216241e+06
       -9.219672e+06
       -9.223103e+06
       -9.226532e+06
       -9.229966e+06
       -9.233395e+06
       -9.236827e+06
       -9.240258e+06
       -9.243691e+06
       -9.247122e+06
       -9.250553e+06
       -9.253984e+06
       -9.257415e+06
       -9.260846e+06
       -9.264278e+06
       -9.267710e+06
       -9.271143e+06
       -9.274574e+06
       -9.278004e+06
       -9.281436e+06
       -9.284867e+06
       -9.288299e+06
       -9.291729e+06
       -9.295162e+06
       -9.298593e+06
       -9.302024e+06
       -9.305456e+06
       -9.308887e+06
       -9.312316e+06
       -9.315749e+06
       -9.319182e+06
       -9.322613e+06
       -9.326044e+06
       -9.329475e+06
       -9.332907e+06
       -9.336338e+06
       -9.339768e+06
       -9.343200e+06
       -9.346633e+06
       -9.350064e+06
       -9.353496e+06
       -9.356926e+06
       -9.360357e+06
       -9.363788e+06
       -9.367220e+06
       -9.370654e+06
       -9.374085e+06
       -9.377514e+06
       -9.380947e+06
       -9.384378e+06
       -9.387810e+06
       -9.391238e+06
       -9.394672e+06
       -9.398104e+06
       -9.401535e+06
       -9.404965e+06
       -9.408397e+06
       -9.411828e+06
       -9.415260e+06
       -9.418693e+06
       -9.422123e+06
       -9.425556e+06
       -9.428986e+06
       -9.432418e+06
       -9.435849e+06
       -9.439279e+06
       -9.442710e+06
       -9.446144e+06
       -9.449575e+06
       -9.453006e+06
       -9.456436e+06
       -9.459868e+06
       -9.463300e+06
       -9.466731e+06
       -9.470162e+06
       -9.473595e+06
       -9.477027e+06
       -9.480457e+06
       -9.483890e+06
       -9.487319e+06
       -9.490751e+06
       -9.494181e+06
       -9.497616e+06
       -9.501045e+06
       -9.504476e+06
       -9.507908e+06
       -9.511339e+06
       -9.514771e+06
       -9.518202e+06
       -9.521633e+06
       -9.525066e+06
       -9.528498e+06
       -9.531927e+06
       -9.535360e+06
       -9.538790e+06
       -9.542222e+06
       -9.545652e+06
       -9.549086e+06
       -9.552518e+06
       -9.555947e+06
       -9.559379e+06
       -9.562810e+06
       -9.566242e+06
       -9.569673e+06
       -9.573106e+06
       -9.576537e+06
       -9.579968e+06
       -9.583399e+06
       -9.586831e+06
       -9.590261e+06
       -9.593692e+06
       -9.597124e+06
       -9.600556e+06
       -9.603988e+06
       -9.607418e+06
       -9.610849e+06
       -9.614281e+06
       -9.617714e+06
       -9.621143e+06
       -9.624576e+06
       -9.628008e+06
       -9.631439e+06
       -9.634871e+06
       -9.638302e+06
       -9.641732e+06
       -9.645163e+06
       -9.648596e+06
       -9.652027e+06
       -9.655458e+06
       -9.658888e+06
       -9.662322e+06
       -9.665752e+06
       -9.669185e+06
       -9.672614e+06
       -9.676047e+06
       -9.679480e+06
       -9.682911e+06
       -9.686341e+06
       -9.689772e+06
       -9.693204e+06
       -9.696634e+06
       -9.700067e+06
       -9.703498e+06
       -9.706929e+06
       -9.710359e+06
       -9.713793e+06
       -9.717224e+06
       -9.720654e+06
       -9.724086e+06
       -9.727519e+06
       -9.730950e+06
       -9.734381e+06
       -9.737811e+06
       -9.741243e+06
       -9.744675e+06
       -9.748107e+06
       -9.751538e+06
       -9.754969e+06
       -9.758401e+06
       -9.761830e+06
       -9.765264e+06
       -9.768695e+06
       -9.772126e+06
       -9.775557e+06
       -9.778990e+06
       -9.782421e+06
       -9.785852e+06
       -9.789282e+06
       -9.792715e+06
       -9.796144e+06
       -9.799577e+06
       -9.803008e+06
       -9.806440e+06
       -9.809871e+06
       -9.813303e+06
       -9.816735e+06
       -9.820165e+06
       -9.823598e+06
       -9.827028e+06
       -9.830460e+06
       -9.833892e+06
       -9.837323e+06
       -9.840754e+06
       -9.844185e+06
       -9.847616e+06
       -9.851048e+06
       -9.854479e+06
       -9.857913e+06
       -9.861341e+06
       -9.864774e+06
       -9.868206e+06
       -9.871636e+06
       -9.875067e+06
       -9.878499e+06
       -9.881932e+06
       -9.885363e+06
       -9.888794e+06
       -9.892225e+06
       -9.895657e+06
       -9.899088e+06
       -9.902520e+06
       -9.905949e+06
       -9.909383e+06
       -9.912813e+06
       -9.916246e+06
       -9.919676e+06
       -9.923107e+06
       -9.926538e+06
       -9.929971e+06
       -9.933402e+06
       -9.936833e+06
       -9.940263e+06
       -9.943696e+06
       -9.947129e+06
       -9.950559e+06
       -9.953990e+06
       -9.957421e+06
       -9.960854e+06
       -9.964284e+06
       -9.967717e+06
       -9.971146e+06
       -9.974579e+06
       -9.978010e+06
       -9.981442e+06
       -9.984873e+06
       -9.988304e+06
       -9.991736e+06
       -9.995167e+06
       -9.998599e+06
       -1.000203e+07
       -1.000546e+07
       -1.000889e+07
       -1.001232e+07
       -1.001576e+07
       -1.001919e+07
       -1.002262e+07
       -1.002605e+07
       -1.002948e+07
       -1.003291e+07
       -1.003634e+07
       -1.003978e+07
       -1.004321e+07
       -1.004664e+07
       -1.005007e+07
       -1.005350e+07
       -1.005693e+07
       -1.006036e+07
       -1.006380e+07
       -1.006723e+07
       -1.007066e+07
       -1.007409e+07
       -1.007752e+07
       -1.008095e+07
       -1.008438e+07
       -1.008782e+07
       -1.009125e+07
       -1.009468e+07
       -1.009811e+07
       -1.010154e+07
       -1.010497e+07
       -1.010840e+07
       -1.011183e+07
       -1.011527e+07
       -1.011870e+07
       -1.012213e+07
       -1.012556e+07
       -1.012899e+07
       -1.013242e+07
       -1.013585e+07
       -1.013929e+07
       -1.014272e+07
       -1.014615e+07
       -1.014958e+07
       -1.015301e+07
       -1.015644e+07
       -1.015987e+07
       -1.016331e+07
       -1.016674e+07
       -1.017017e+07
       -1.017360e+07
       -1.017703e+07
       -1.018046e+07
       -1.018389e+07
       -1.018732e+07
       -1.019076e+07
       -1.019419e+07
       -1.019762e+07
       -1.020105e+07
       -1.020448e+07
       -1.020791e+07
       -1.021135e+07
       -1.021478e+07
       -1.021821e+07
       -1.022164e+07
       -1.022507e+07
       -1.022850e+07
       -1.023194e+07
       -1.023536e+07
       -1.023880e+07
       -1.024223e+07
       -1.024566e+07
       -1.024909e+07
       -1.025252e+07
       -1.025595e+07
       -1.025938e+07
       -1.026282e+07
       -1.026625e+07
       -1.026968e+07
       -1.027311e+07
       -1.027654e+07
       -1.027997e+07
       -1.028340e+07
       -1.028684e+07
       -1.029027e+07
       -1.029370e+07
       -1.029713e+07
       -1.030056e+07
       -1.030399e+07
       -1.030742e+07
       -1.031086e+07
       -1.031429e+07
       -1.031772e+07
       -1.032115e+07
       -1.032458e+07
       -1.032801e+07
       -1.033144e+07
       -1.033488e+07
       -1.033831e+07
       -1.034174e+07
       -1.034517e+07
       -1.034860e+07
       -1.035203e+07
       -1.035546e+07
       -1.035890e+07
       -1.036233e+07
       -1.036576e+07
       -1.036919e+07
       -1.037262e+07
       -1.037605e+07
       -1.037948e+07
       -1.038292e+07
       -1.038635e+07
       -1.038978e+07
       -1.039321e+07
       -1.039664e+07
       -1.040007e+07
       -1.040350e+07
       -1.040694e+07
       -1.041036e+07
       -1.041380e+07
       -1.041723e+07
       -1.042066e+07
       -1.042409e+07
       -1.042752e+07
       -1.043096e+07
       -1.043439e+07
       -1.043782e+07
       -1.044125e+07
       -1.044468e+07
       -1.044811e+07
       -1.045154e+07
       -1.045497e+07
       -1.045841e+07
       -1.046184e+07
       -1.046527e+07
       -1.046870e+07
       -1.047213e+07
       -1.047556e+07
       -1.047900e+07
       -1.048243e+07
       -1.048586e+07
       -1.048929e+07
       -1.049272e+07
       -1.049615e+07
       -1.049958e+07
       -1.050302e+07
       -1.050645e+07
       -1.050988e+07
       -1.051331e+07
       -1.051674e+07
       -1.052017e+07
       -1.052360e+07
       -1.052704e+07
       -1.053047e+07
       -1.053390e+07
       -1.053733e+07
       -1.054076e+07
       -1.054419e+07
       -1.054762e+07
       -1.055105e+07
       -1.055449e+07
       -1.055792e+07
       -1.056135e+07
       -1.056478e+07
       -1.056821e+07
       -1.057164e+07
       -1.057507e+07
       -1.057850e+07
       -1.058194e+07
       -1.058537e+07
       -1.058880e+07
       -1.059223e+07
       -1.059566e+07
       -1.059909e+07
       -1.060252e+07
       -1.060596e+07
       -1.060939e+07
       -1.061282e+07
       -1.061625e+07
       -1.061968e+07
       -1.062311e+07
       -1.062654e+07
       -1.062998e+07
       -1.063341e+07
