   -6.226000e+04
   -5.898400e+04
   -5.570800e+04
   -5.243200e+04
   -4.915600e+04
   -4.588000e+04
   -4.260400e+04
   -3.932800e+04
   -3.605200e+04
   -3.277600e+04
   -2.950000e+04
   -2.622400e+04
   -2.294800e+04
   -1.967200e+04
   -1.639600e+04
   -1.312000e+04
   -9.844000e+03
   -6.568000e+03
   -3.292000e+03
   -1.600000e+01
    3.260000e+03
    6.536000e+03
    9.812000e+03
    1.308800e+04
    1.636400e+04
    1.964000e+04
    2.291600e+04
    2.619200e+04
    2.946800e+04
    3.274400e+04
    3.602000e+04
    3.929600e+04
    4.257200e+04
    4.584800e+04
    4.912400e+04
    5.240000e+04
    5.567600e+04
    5.895200e+04
    6.222800e+04
    6.550400e+04
    6.878000e+04
    7.205600e+04
    7.533200e+04
    7.860800e+04
    8.188400e+04
    8.516000e+04
    8.843600e+04
    9.171200e+04
    9.498800e+04
    9.826400e+04
    1.015400e+05
    1.048160e+05
    1.080920e+05
    1.113680e+05
    1.146440e+05
    1.179200e+05
    1.211960e+05
    1.244720e+05
    1.277480e+05
    1.310240e+05
    1.343000e+05
    1.375760e+05
    1.408520e+05
    1.441280e+05
    1.474040e+05
    1.506800e+05
    1.539560e+05
    1.572320e+05
    1.605080e+05
    1.637840e+05
    1.670600e+05
    1.703360e+05
    1.736120e+05
    1.768880e+05
    1.801640e+05
    1.834400e+05
    1.867160e+05
    1.899920e+05
    1.932680e+05
    1.965440e+05
    1.998200e+05
    2.030960e+05
    2.063720e+05
    2.096480e+05
    2.129240e+05
    2.162000e+05
    2.194760e+05
    2.227520e+05
    2.260280e+05
    2.293040e+05
    2.325800e+05
    2.358560e+05
    2.391320e+05
    2.424080e+05
    2.456840e+05
    2.489600e+05
    2.522360e+05
    2.555120e+05
    2.587880e+05
    2.620640e+05
    2.653400e+05
    2.686160e+05
    2.718920e+05
    2.751680e+05
    2.784440e+05
    2.817200e+05
    2.849960e+05
    2.882720e+05
    2.915480e+05
    2.948240e+05
    2.981000e+05
    3.013760e+05
    3.046520e+05
    3.079280e+05
    3.112040e+05
    3.144800e+05
    3.177560e+05
    3.210320e+05
    3.243080e+05
    3.275840e+05
    3.308600e+05
    3.341360e+05
    3.374120e+05
    3.406880e+05
    3.439640e+05
    3.472400e+05
    3.505160e+05
    3.537920e+05
    3.570680e+05
    3.603440e+05
    3.636200e+05
    3.668960e+05
    3.701720e+05
    3.734480e+05
    3.767240e+05
    3.800000e+05
    3.832760e+05
    3.865520e+05
    3.898280e+05
    3.931040e+05
    3.963800e+05
    3.996560e+05
    4.029320e+05
    4.062080e+05
    4.094840e+05
    4.127600e+05
    4.160360e+05
    4.193120e+05
    4.225880e+05
    4.258640e+05
    4.291400e+05
    4.324160e+05
    4.356920e+05
    4.389680e+05
    4.422440e+05
    4.455200e+05
    4.487960e+05
    4.520720e+05
    4.553480e+05
    4.586240e+05
    4.619000e+05
    4.651760e+05
    4.684520e+05
    4.717280e+05
    4.750040e+05
    4.782800e+05
    4.815560e+05
    4.848320e+05
    4.881080e+05
    4.913840e+05
    4.946600e+05
    4.979360e+05
    5.012120e+05
    5.044880e+05
    5.077640e+05
    5.110400e+05
    5.143160e+05
    5.175920e+05
    5.208680e+05
    5.241440e+05
    5.274200e+05
    5.306960e+05
    5.339720e+05
    5.372480e+05
    5.405240e+05
    5.438000e+05
    5.470760e+05
    5.503520e+05
    5.536280e+05
    5.569040e+05
    5.601800e+05
    5.634560e+05
    5.667320e+05
    5.700080e+05
    5.732840e+05
    5.765600e+05
    5.798360e+05
    5.831120e+05
    5.863880e+05
    5.896640e+05
    5.929400e+05
    5.962160e+05
    5.994920e+05
    6.027680e+05
    6.060440e+05
    6.093200e+05
    6.125960e+05
    6.158720e+05
    6.191480e+05
    6.224240e+05
    6.257000e+05
    6.289760e+05
    6.322520e+05
    6.355280e+05
    6.388040e+05
    6.420800e+05
    6.453560e+05
    6.486320e+05
    6.519080e+05
    6.551840e+05
    6.584600e+05
    6.617360e+05
    6.650120e+05
    6.682880e+05
    6.715640e+05
    6.748400e+05
    6.781160e+05
    6.813920e+05
    6.846680e+05
    6.879440e+05
    6.912200e+05
    6.944960e+05
    6.977720e+05
    7.010480e+05
    7.043240e+05
    7.076000e+05
    7.108760e+05
    7.141520e+05
    7.174280e+05
    7.207040e+05
    7.239800e+05
    7.272560e+05
    7.305320e+05
    7.338080e+05
    7.370840e+05
    7.403600e+05
    7.436360e+05
    7.469120e+05
    7.501880e+05
    7.534640e+05
    7.567400e+05
    7.600160e+05
    7.632920e+05
    7.665680e+05
    7.698440e+05
    7.731200e+05
    7.763960e+05
    7.796720e+05
    7.829480e+05
    7.862240e+05
    7.895000e+05
    7.927760e+05
    7.960520e+05
    7.993280e+05
    8.026040e+05
    8.058800e+05
    8.091560e+05
    8.124320e+05
    8.157080e+05
    8.189840e+05
    8.222600e+05
    8.255360e+05
    8.288120e+05
    8.320880e+05
    8.353640e+05
    8.386400e+05
    8.419160e+05
    8.451920e+05
    8.484680e+05
    8.517440e+05
    8.550200e+05
    8.582960e+05
    8.615720e+05
    8.648480e+05
    8.681240e+05
    8.714000e+05
    8.746760e+05
    8.779520e+05
    8.812280e+05
    8.845040e+05
    8.877800e+05
    8.910560e+05
    8.943320e+05
    8.976080e+05
    9.008840e+05
    9.041600e+05
    9.074360e+05
    9.107120e+05
    9.139880e+05
    9.172640e+05
    9.205400e+05
    9.238160e+05
    9.270920e+05
    9.303680e+05
    9.336440e+05
    9.369200e+05
    9.401960e+05
    9.434720e+05
    9.467480e+05
    9.500240e+05
    9.533000e+05
    9.565760e+05
    9.598520e+05
    9.631280e+05
    9.664040e+05
    9.696800e+05
    9.729560e+05
    9.762320e+05
    9.795080e+05
    9.827840e+05
    9.860600e+05
    9.893360e+05
    9.926120e+05
    9.958880e+05
    9.991640e+05
    1.002440e+06
    1.005716e+06
    1.008992e+06
    1.012268e+06
    1.015544e+06
    1.018820e+06
    1.022096e+06
    1.025372e+06
    1.028648e+06
    1.031924e+06
    1.035200e+06
    1.038476e+06
    1.041752e+06
    1.045028e+06
    1.048304e+06
    1.051580e+06
    1.054856e+06
    1.058132e+06
    1.061408e+06
    1.064684e+06
    1.067960e+06
    1.071236e+06
    1.074512e+06
    1.077788e+06
    1.081064e+06
    1.084340e+06
    1.087616e+06
    1.090892e+06
    1.094168e+06
    1.097444e+06
    1.100720e+06
    1.103996e+06
    1.107272e+06
    1.110548e+06
    1.113824e+06
    1.117100e+06
    1.120376e+06
    1.123652e+06
    1.126928e+06
    1.130204e+06
    1.133480e+06
    1.136756e+06
    1.140032e+06
    1.143308e+06
    1.146584e+06
    1.149860e+06
    1.153136e+06
    1.156412e+06
    1.159688e+06
    1.162964e+06
    1.166240e+06
    1.169516e+06
    1.172792e+06
    1.176068e+06
    1.179344e+06
    1.182620e+06
    1.185896e+06
    1.189172e+06
    1.192448e+06
    1.195724e+06
    1.199000e+06
    1.202276e+06
    1.205552e+06
    1.208828e+06
    1.212104e+06
    1.215380e+06
    1.218656e+06
    1.221932e+06
    1.225208e+06
    1.228484e+06
    1.231760e+06
    1.235036e+06
    1.238312e+06
    1.241588e+06
    1.244864e+06
    1.248140e+06
    1.251416e+06
    1.254692e+06
    1.257968e+06
    1.261244e+06
    1.264520e+06
    1.267796e+06
    1.271072e+06
    1.274348e+06
    1.277624e+06
    1.280900e+06
    1.284176e+06
    1.287452e+06
    1.290728e+06
    1.294004e+06
    1.297280e+06
    1.300556e+06
    1.303832e+06
    1.307108e+06
    1.310384e+06
    1.313660e+06
    1.316936e+06
    1.320212e+06
    1.323488e+06
    1.326764e+06
    1.330040e+06
    1.333316e+06
    1.336592e+06
    1.339868e+06
    1.343144e+06
    1.346420e+06
    1.349696e+06
    1.352972e+06
    1.356248e+06
    1.359524e+06
    1.362800e+06
    1.366076e+06
    1.369352e+06
    1.372628e+06
    1.375904e+06
    1.379180e+06
    1.382456e+06
    1.385732e+06
    1.389008e+06
    1.392284e+06
    1.395560e+06
    1.398836e+06
    1.402112e+06
    1.405388e+06
    1.408664e+06
    1.411940e+06
    1.415216e+06
    1.418492e+06
    1.421768e+06
    1.425044e+06
    1.428320e+06
    1.431596e+06
    1.434872e+06
    1.438148e+06
    1.441424e+06
    1.444700e+06
    1.447976e+06
    1.451252e+06
    1.454528e+06
    1.457804e+06
    1.461080e+06
    1.464356e+06
    1.467632e+06
    1.470908e+06
    1.474184e+06
    1.477460e+06
    1.480736e+06
    1.484012e+06
    1.487288e+06
    1.490564e+06
    1.493840e+06
    1.497116e+06
    1.500392e+06
    1.503668e+06
    1.506944e+06
    1.510220e+06
    1.513496e+06
    1.516772e+06
    1.520048e+06
    1.523324e+06
    1.526600e+06
    1.529876e+06
    1.533152e+06
    1.536428e+06
    1.539704e+06
    1.542980e+06
    1.546256e+06
    1.549532e+06
    1.552808e+06
    1.556084e+06
    1.559360e+06
    1.562636e+06
    1.565912e+06
    1.569188e+06
    1.572464e+06
    1.575740e+06
    1.579016e+06
    1.582292e+06
    1.585568e+06
    1.588844e+06
    1.592120e+06
    1.595396e+06
    1.598672e+06
    1.601948e+06
    1.605224e+06
    1.608500e+06
    1.611776e+06
    1.615052e+06
    1.618328e+06
    1.621604e+06
    1.624880e+06
    1.628156e+06
    1.631432e+06
    1.634708e+06
    1.637984e+06
    1.641260e+06
    1.644536e+06
    1.647812e+06
    1.651088e+06
    1.654364e+06
    1.657640e+06
    1.660916e+06
    1.664192e+06
    1.667468e+06
    1.670744e+06
    1.674020e+06
    1.677296e+06
    1.680572e+06
    1.683848e+06
    1.687124e+06
    1.690400e+06
    1.693676e+06
    1.696952e+06
    1.700228e+06
    1.703504e+06
    1.706780e+06
    1.710056e+06
    1.713332e+06
    1.716608e+06
    1.719884e+06
    1.723160e+06
    1.726436e+06
    1.729712e+06
    1.732988e+06
    1.736264e+06
    1.739540e+06
    1.742816e+06
    1.746092e+06
    1.749368e+06
    1.752644e+06
    1.755920e+06
    1.759196e+06
    1.762472e+06
    1.765748e+06
    1.769024e+06
    1.772300e+06
    1.775576e+06
    1.778852e+06
    1.782128e+06
    1.785404e+06
    1.788680e+06
    1.791956e+06
    1.795232e+06
    1.798508e+06
    1.801784e+06
    1.805060e+06
    1.808336e+06
    1.811612e+06
    1.814888e+06
    1.818164e+06
    1.821440e+06
    1.824716e+06
    1.827992e+06
    1.831268e+06
    1.834544e+06
    1.837820e+06
    1.841096e+06
    1.844372e+06
    1.847648e+06
    1.850924e+06
    1.854200e+06
    1.857476e+06
    1.860752e+06
    1.864028e+06
    1.867304e+06
    1.870580e+06
    1.873856e+06
    1.877132e+06
    1.880408e+06
    1.883684e+06
    1.886960e+06
    1.890236e+06
    1.893512e+06
    1.896788e+06
    1.900064e+06
    1.903340e+06
    1.906616e+06
    1.909892e+06
    1.913168e+06
    1.916444e+06
    1.919720e+06
    1.922996e+06
    1.926272e+06
    1.929548e+06
    1.932824e+06
    1.936100e+06
    1.939376e+06
    1.942652e+06
    1.945928e+06
    1.949204e+06
    1.952480e+06
    1.955756e+06
    1.959032e+06
    1.962308e+06
    1.965584e+06
    1.968860e+06
    1.972136e+06
    1.975412e+06
    1.978688e+06
    1.981964e+06
    1.985240e+06
    1.988516e+06
    1.991792e+06
    1.995068e+06
    1.998344e+06
    2.001620e+06
    2.004896e+06
    2.008172e+06
    2.011448e+06
    2.014724e+06
    2.018000e+06
    2.021276e+06
    2.024552e+06
    2.027828e+06
    2.031104e+06
    2.034380e+06
    2.037656e+06
    2.040932e+06
    2.044208e+06
    2.047484e+06
    2.050760e+06
    2.054036e+06
    2.057312e+06
    2.060588e+06
    2.063864e+06
    2.067140e+06
    2.070416e+06
    2.073692e+06
    2.076968e+06
    2.080244e+06
    2.083520e+06
    2.086796e+06
    2.090072e+06
    2.093348e+06
    2.096624e+06
    2.099900e+06
    2.103176e+06
    2.106452e+06
    2.109728e+06
    2.113004e+06
    2.116280e+06
    2.119556e+06
    2.122832e+06
    2.126108e+06
    2.129384e+06
    2.132660e+06
    2.135936e+06
    2.139212e+06
    2.142488e+06
    2.145764e+06
    2.149040e+06
    2.152316e+06
    2.155592e+06
    2.158868e+06
    2.162144e+06
    2.165420e+06
    2.168696e+06
    2.171972e+06
    2.175248e+06
    2.178524e+06
    2.181800e+06
    2.185076e+06
    2.188352e+06
    2.191628e+06
    2.194904e+06
    2.198180e+06
    2.201456e+06
    2.204732e+06
    2.208008e+06
    2.211284e+06
    2.214560e+06
    2.217836e+06
    2.221112e+06
    2.224388e+06
    2.227664e+06
    2.230940e+06
    2.234216e+06
    2.237492e+06
    2.240768e+06
    2.244044e+06
    2.247320e+06
    2.250596e+06
    2.253872e+06
    2.257148e+06
    2.260424e+06
    2.263700e+06
    2.266976e+06
    2.270252e+06
    2.273528e+06
    2.276804e+06
    2.280080e+06
    2.283356e+06
    2.286632e+06
    2.289908e+06
    2.293184e+06
    2.296460e+06
    2.299736e+06
    2.303012e+06
    2.306288e+06
    2.309564e+06
    2.312840e+06
    2.316116e+06
    2.319392e+06
    2.322668e+06
    2.325944e+06
    2.329220e+06
    2.332496e+06
    2.335772e+06
    2.339048e+06
    2.342324e+06
    2.345600e+06
    2.348876e+06
    2.352152e+06
    2.355428e+06
    2.358704e+06
    2.361980e+06
    2.365256e+06
    2.368532e+06
    2.371808e+06
    2.375084e+06
    2.378360e+06
    2.381636e+06
    2.384912e+06
    2.388188e+06
    2.391464e+06
    2.394740e+06
    2.398016e+06
    2.401292e+06
    2.404568e+06
    2.407844e+06
    2.411120e+06
    2.414396e+06
    2.417672e+06
    2.420948e+06
    2.424224e+06
    2.427500e+06
    2.430776e+06
    2.434052e+06
    2.437328e+06
    2.440604e+06
    2.443880e+06
    2.447156e+06
    2.450432e+06
    2.453708e+06
    2.456984e+06
    2.460260e+06
    2.463536e+06
    2.466812e+06
    2.470088e+06
    2.473364e+06
    2.476640e+06
    2.479916e+06
    2.483192e+06
    2.486468e+06
    2.489744e+06
    2.493020e+06
    2.496296e+06
    2.499572e+06
    2.502848e+06
    2.506124e+06
    2.509400e+06
    2.512676e+06
    2.515952e+06
    2.519228e+06
    2.522504e+06
    2.525780e+06
    2.529056e+06
    2.532332e+06
    2.535608e+06
    2.538884e+06
    2.542160e+06
    2.545436e+06
    2.548712e+06
    2.551988e+06
    2.555264e+06
    2.558540e+06
    2.561816e+06
    2.565092e+06
    2.568368e+06
    2.571644e+06
    2.574920e+06
    2.578196e+06
    2.581472e+06
    2.584748e+06
    2.588024e+06
    2.591300e+06
    2.594576e+06
    2.597852e+06
    2.601128e+06
    2.604404e+06
    2.607680e+06
    2.610956e+06
    2.614232e+06
    2.617508e+06
    2.620784e+06
    2.624060e+06
    2.627336e+06
    2.630612e+06
    2.633888e+06
    2.637164e+06
    2.640440e+06
    2.643716e+06
    2.646992e+06
    2.650268e+06
    2.653544e+06
    2.656820e+06
    2.660096e+06
    2.663372e+06
    2.666648e+06
    2.669924e+06
    2.673200e+06
    2.676476e+06
    2.679752e+06
    2.683028e+06
    2.686304e+06
    2.689580e+06
    2.692856e+06
    2.696132e+06
    2.699408e+06
    2.702684e+06
    2.705960e+06
    2.709236e+06
    2.712512e+06
    2.715788e+06
    2.719064e+06
    2.722340e+06
    2.725616e+06
    2.728892e+06
    2.732168e+06
    2.735444e+06
    2.738720e+06
    2.741996e+06
    2.745272e+06
    2.748548e+06
    2.751824e+06
    2.755100e+06
    2.758376e+06
    2.761652e+06
    2.764928e+06
    2.768204e+06
    2.771480e+06
    2.774756e+06
    2.778032e+06
    2.781308e+06
    2.784584e+06
    2.787860e+06
    2.791136e+06
    2.794412e+06
    2.797688e+06
    2.800964e+06
    2.804240e+06
    2.807516e+06
    2.810792e+06
    2.814068e+06
    2.817344e+06
    2.820620e+06
    2.823896e+06
    2.827172e+06
    2.830448e+06
    2.833724e+06
    2.837000e+06
    2.840276e+06
    2.843552e+06
    2.846828e+06
    2.850104e+06
    2.853380e+06
    2.856656e+06
    2.859932e+06
    2.863208e+06
    2.866484e+06
    2.869760e+06
    2.873036e+06
    2.876312e+06
    2.879588e+06
    2.882864e+06
    2.886140e+06
    2.889416e+06
    2.892692e+06
    2.895968e+06
    2.899244e+06
    2.902520e+06
    2.905796e+06
    2.909072e+06
    2.912348e+06
    2.915624e+06
    2.918900e+06
    2.922176e+06
    2.925452e+06
    2.928728e+06
    2.932004e+06
    2.935280e+06
    2.938556e+06
    2.941832e+06
    2.945108e+06
    2.948384e+06
    2.951660e+06
    2.954936e+06
    2.958212e+06
    2.961488e+06
    2.964764e+06
    2.968040e+06
    2.971316e+06
    2.974592e+06
    2.977868e+06
    2.981144e+06
    2.984420e+06
    2.987696e+06
    2.990972e+06
    2.994248e+06
    2.997524e+06
    3.000800e+06
    3.004076e+06
    3.007352e+06
    3.010628e+06
    3.013904e+06
    3.017180e+06
    3.020456e+06
    3.023732e+06
    3.027008e+06
    3.030284e+06
    3.033560e+06
    3.036836e+06
    3.040112e+06
    3.043388e+06
    3.046664e+06
    3.049940e+06
    3.053216e+06
    3.056492e+06
    3.059768e+06
    3.063044e+06
    3.066320e+06
    3.069596e+06
    3.072872e+06
    3.076148e+06
    3.079424e+06
    3.082700e+06
    3.085976e+06
    3.089252e+06
    3.092528e+06
    3.095804e+06
    3.099080e+06
    3.102356e+06
    3.105632e+06
    3.108908e+06
    3.112184e+06
    3.115460e+06
    3.118736e+06
    3.122012e+06
    3.125288e+06
    3.128564e+06
    3.131840e+06
    3.135116e+06
    3.138392e+06
    3.141668e+06
    3.144944e+06
    3.148220e+06
    3.151496e+06
    3.154772e+06
    3.158048e+06
    3.161324e+06
    3.164600e+06
    3.167876e+06
    3.171152e+06
    3.174428e+06
    3.177704e+06
    3.180980e+06
    3.184256e+06
    3.187532e+06
    3.190808e+06
    3.194084e+06
    3.197360e+06
    3.200636e+06
    3.203912e+06
    3.207188e+06
    3.210464e+06
    3.213740e+06
    3.217016e+06
    3.220292e+06
    3.223568e+06
    3.226844e+06
    3.230120e+06
    3.233396e+06
    3.236672e+06
    3.239948e+06
    3.243224e+06
    3.246500e+06
    3.249776e+06
    3.253052e+06
    3.256328e+06
    3.259604e+06
    3.262880e+06
    3.266156e+06
    3.269432e+06
    3.272708e+06
    3.275984e+06
    3.279260e+06
    3.282536e+06
    3.285812e+06
    3.289088e+06
    3.292364e+06
    3.295640e+06
    3.298916e+06
    3.302192e+06
    3.305468e+06
    3.308744e+06
    3.312020e+06
    3.315296e+06
    3.318572e+06
    3.321848e+06
    3.325124e+06
    3.328400e+06
    3.331676e+06
    3.334952e+06
    3.338228e+06
    3.341504e+06
    3.344780e+06
    3.348056e+06
    3.351332e+06
    3.354608e+06
    3.357884e+06
    3.361160e+06
    3.364436e+06
    3.367712e+06
    3.370988e+06
    3.374264e+06
    3.377540e+06
    3.380816e+06
    3.384092e+06
    3.387368e+06
    3.390644e+06
    3.393920e+06
    3.397196e+06
    3.400472e+06
    3.403748e+06
    3.407024e+06
    3.410300e+06
    3.413576e+06
    3.416852e+06
    3.420128e+06
    3.423404e+06
    3.426680e+06
    3.429956e+06
    3.433232e+06
    3.436508e+06
    3.439784e+06
    3.443060e+06
    3.446336e+06
    3.449612e+06
    3.452888e+06
    3.456164e+06
    3.459440e+06
    3.462716e+06
    3.465992e+06
    3.469268e+06
    3.472544e+06
    3.475820e+06
    3.479096e+06
    3.482372e+06
    3.485648e+06
    3.488924e+06
    3.492200e+06
    3.495476e+06
    3.498752e+06
    3.502028e+06
    3.505304e+06
    3.508580e+06
    3.511856e+06
    3.515132e+06
    3.518408e+06
    3.521684e+06
    3.524960e+06
    3.528236e+06
    3.531512e+06
    3.534788e+06
    3.538064e+06
    3.541340e+06
    3.544616e+06
    3.547892e+06
    3.551168e+06
    3.554444e+06
    3.557720e+06
    3.560996e+06
    3.564272e+06
    3.567548e+06
    3.570824e+06
    3.574100e+06
    3.577376e+06
    3.580652e+06
    3.583928e+06
    3.587204e+06
    3.590480e+06
    3.593756e+06
    3.597032e+06
    3.600308e+06
    3.603584e+06
    3.606860e+06
    3.610136e+06
    3.613412e+06
    3.616688e+06
    3.619964e+06
    3.623240e+06
    3.626516e+06
    3.629792e+06
    3.633068e+06
    3.636344e+06
    3.639620e+06
    3.642896e+06
    3.646172e+06
    3.649448e+06
    3.652724e+06
    3.656000e+06
    3.659276e+06
    3.662552e+06
    3.665828e+06
    3.669104e+06
    3.672380e+06
    3.675656e+06
    3.678932e+06
    3.682208e+06
    3.685484e+06
    3.688760e+06
    3.692036e+06
    3.695312e+06
    3.698588e+06
    3.701864e+06
    3.705140e+06
    3.708416e+06
    3.711692e+06
    3.714968e+06
    3.718244e+06
    3.721520e+06
    3.724796e+06
    3.728072e+06
    3.731348e+06
    3.734624e+06
    3.737900e+06
    3.741176e+06
    3.744452e+06
    3.747728e+06
    3.751004e+06
    3.754280e+06
    3.757556e+06
    3.760832e+06
    3.764108e+06
    3.767384e+06
    3.770660e+06
    3.773936e+06
    3.777212e+06
    3.780488e+06
    3.783764e+06
    3.787040e+06
    3.790316e+06
    3.793592e+06
    3.796868e+06
    3.800144e+06
    3.803420e+06
    3.806696e+06
    3.809972e+06
    3.813248e+06
    3.816524e+06
    3.819800e+06
    3.823076e+06
    3.826352e+06
    3.829628e+06
    3.832904e+06
    3.836180e+06
    3.839456e+06
    3.842732e+06
    3.846008e+06
    3.849284e+06
    3.852560e+06
    3.855836e+06
    3.859112e+06
    3.862388e+06
    3.865664e+06
    3.868940e+06
    3.872216e+06
    3.875492e+06
    3.878768e+06
    3.882044e+06
    3.885320e+06
    3.888596e+06
    3.891872e+06
    3.895148e+06
    3.898424e+06
    3.901700e+06
    3.904976e+06
    3.908252e+06
    3.911528e+06
    3.914804e+06
    3.918080e+06
    3.921356e+06
    3.924632e+06
    3.927908e+06
    3.931184e+06
    3.934460e+06
    3.937736e+06
    3.941012e+06
    3.944288e+06
    3.947564e+06
    3.950840e+06
    3.954116e+06
    3.957392e+06
    3.960668e+06
    3.963944e+06
    3.967220e+06
    3.970496e+06
    3.973772e+06
    3.977048e+06
    3.980324e+06
    3.983600e+06
    3.986876e+06
    3.990152e+06
    3.993428e+06
    3.996704e+06
    3.999980e+06
    4.003256e+06
    4.006532e+06
    4.009808e+06
    4.013084e+06
    4.016360e+06
    4.019636e+06
    4.022912e+06
    4.026188e+06
    4.029464e+06
    4.032740e+06
    4.036016e+06
    4.039292e+06
    4.042568e+06
    4.045844e+06
    4.049120e+06
    4.052396e+06
    4.055672e+06
    4.058948e+06
    4.062224e+06
    4.065500e+06
    4.068776e+06
    4.072052e+06
    4.075328e+06
    4.078604e+06
    4.081880e+06
    4.085156e+06
    4.088432e+06
    4.091708e+06
    4.094984e+06
    4.098260e+06
    4.101536e+06
    4.104812e+06
    4.108088e+06
    4.111364e+06
    4.114640e+06
    4.117916e+06
    4.121192e+06
    4.124468e+06
    4.127744e+06
    4.131020e+06
    4.134296e+06
    4.137572e+06
    4.140848e+06
    4.144124e+06
    4.147400e+06
    4.150676e+06
    4.153952e+06
    4.157228e+06
    4.160504e+06
    4.163780e+06
    4.167056e+06
    4.170332e+06
    4.173608e+06
    4.176884e+06
    4.180160e+06
    4.183436e+06
    4.186712e+06
    4.189988e+06
    4.193264e+06
    4.196540e+06
    4.199816e+06
    4.203092e+06
    4.206368e+06
    4.209644e+06
    4.212920e+06
    4.216196e+06
    4.219472e+06
    4.222748e+06
    4.226024e+06
    4.229300e+06
    4.232576e+06
    4.235852e+06
    4.239128e+06
    4.242404e+06
    4.245680e+06
    4.248956e+06
    4.252232e+06
    4.255508e+06
    4.258784e+06
    4.262060e+06
    4.265336e+06
    4.268612e+06
    4.271888e+06
    4.275164e+06
    4.278440e+06
    4.281716e+06
    4.284992e+06
    4.288268e+06
    4.291544e+06
    4.294820e+06
    4.298096e+06
    4.301372e+06
    4.304648e+06
    4.307924e+06
    4.311200e+06
    4.314476e+06
    4.317752e+06
    4.321028e+06
    4.324304e+06
    4.327580e+06
    4.330856e+06
    4.334132e+06
    4.337408e+06
    4.340684e+06
    4.343960e+06
    4.347236e+06
    4.350512e+06
    4.353788e+06
    4.357064e+06
    4.360340e+06
    4.363616e+06
    4.366892e+06
    4.370168e+06
    4.373444e+06
    4.376720e+06
    4.379996e+06
    4.383272e+06
    4.386548e+06
    4.389824e+06
    4.393100e+06
    4.396376e+06
    4.399652e+06
    4.402928e+06
    4.406204e+06
    4.409480e+06
    4.412756e+06
    4.416032e+06
    4.419308e+06
    4.422584e+06
    4.425860e+06
    4.429136e+06
    4.432412e+06
    4.435688e+06
    4.438964e+06
    4.442240e+06
    4.445516e+06
    4.448792e+06
    4.452068e+06
    4.455344e+06
    4.458620e+06
    4.461896e+06
    4.465172e+06
    4.468448e+06
    4.471724e+06
    4.475000e+06
    4.478276e+06
    4.481552e+06
    4.484828e+06
    4.488104e+06
    4.491380e+06
    4.494656e+06
    4.497932e+06
    4.501208e+06
    4.504484e+06
    4.507760e+06
    4.511036e+06
    4.514312e+06
    4.517588e+06
    4.520864e+06
    4.524140e+06
    4.527416e+06
    4.530692e+06
    4.533968e+06
    4.537244e+06
    4.540520e+06
    4.543796e+06
    4.547072e+06
    4.550348e+06
    4.553624e+06
    4.556900e+06
    4.560176e+06
    4.563452e+06
    4.566728e+06
    4.570004e+06
    4.573280e+06
    4.576556e+06
    4.579832e+06
    4.583108e+06
    4.586384e+06
    4.589660e+06
    4.592936e+06
    4.596212e+06
    4.599488e+06
    4.602764e+06
    4.606040e+06
    4.609316e+06
    4.612592e+06
    4.615868e+06
    4.619144e+06
    4.622420e+06
    4.625696e+06
    4.628972e+06
    4.632248e+06
    4.635524e+06
    4.638800e+06
    4.642076e+06
    4.645352e+06
    4.648628e+06
    4.651904e+06
    4.655180e+06
    4.658456e+06
    4.661732e+06
    4.665008e+06
    4.668284e+06
    4.671560e+06
    4.674836e+06
    4.678112e+06
    4.681388e+06
    4.684664e+06
    4.687940e+06
    4.691216e+06
    4.694492e+06
    4.697768e+06
    4.701044e+06
    4.704320e+06
    4.707596e+06
    4.710872e+06
    4.714148e+06
    4.717424e+06
    4.720700e+06
    4.723976e+06
    4.727252e+06
    4.730528e+06
    4.733804e+06
    4.737080e+06
    4.740356e+06
    4.743632e+06
    4.746908e+06
    4.750184e+06
    4.753460e+06
    4.756736e+06
    4.760012e+06
    4.763288e+06
    4.766564e+06
    4.769840e+06
    4.773116e+06
    4.776392e+06
    4.779668e+06
    4.782944e+06
    4.786220e+06
    4.789496e+06
    4.792772e+06
    4.796048e+06
    4.799324e+06
    4.802600e+06
    4.805876e+06
    4.809152e+06
    4.812428e+06
    4.815704e+06
    4.818980e+06
    4.822256e+06
    4.825532e+06
    4.828808e+06
    4.832084e+06
    4.835360e+06
    4.838636e+06
    4.841912e+06
    4.845188e+06
    4.848464e+06
    4.851740e+06
    4.855016e+06
    4.858292e+06
    4.861568e+06
    4.864844e+06
    4.868120e+06
    4.871396e+06
    4.874672e+06
    4.877948e+06
    4.881224e+06
    4.884500e+06
    4.887776e+06
    4.891052e+06
    4.894328e+06
    4.897604e+06
    4.900880e+06
    4.904156e+06
    4.907432e+06
    4.910708e+06
    4.913984e+06
    4.917260e+06
    4.920536e+06
    4.923812e+06
    4.927088e+06
    4.930364e+06
    4.933640e+06
    4.936916e+06
    4.940192e+06
    4.943468e+06
    4.946744e+06
    4.950020e+06
    4.953296e+06
    4.956572e+06
    4.959848e+06
    4.963124e+06
    4.966400e+06
    4.969676e+06
    4.972952e+06
    4.976228e+06
    4.979504e+06
    4.982780e+06
    4.986056e+06
    4.989332e+06
    4.992608e+06
    4.995884e+06
    4.999160e+06
    5.002436e+06
    5.005712e+06
    5.008988e+06
    5.012264e+06
    5.015540e+06
    5.018816e+06
    5.022092e+06
    5.025368e+06
    5.028644e+06
    5.031920e+06
    5.035196e+06
    5.038472e+06
    5.041748e+06
    5.045024e+06
    5.048300e+06
    5.051576e+06
    5.054852e+06
    5.058128e+06
    5.061404e+06
    5.064680e+06
    5.067956e+06
    5.071232e+06
    5.074508e+06
    5.077784e+06
    5.081060e+06
    5.084336e+06
    5.087612e+06
    5.090888e+06
    5.094164e+06
    5.097440e+06
    5.100716e+06
    5.103992e+06
    5.107268e+06
    5.110544e+06
    5.113820e+06
    5.117096e+06
    5.120372e+06
    5.123648e+06
    5.126924e+06
    5.130200e+06
    5.133476e+06
    5.136752e+06
    5.140028e+06
    5.143304e+06
    5.146580e+06
    5.149856e+06
    5.153132e+06
    5.156408e+06
    5.159684e+06
    5.162960e+06
    5.166236e+06
    5.169512e+06
    5.172788e+06
    5.176064e+06
    5.179340e+06
    5.182616e+06
    5.185892e+06
    5.189168e+06
    5.192444e+06
    5.195720e+06
    5.198996e+06
    5.202272e+06
    5.205548e+06
    5.208824e+06
    5.212100e+06
    5.215376e+06
    5.218652e+06
    5.221928e+06
    5.225204e+06
    5.228480e+06
    5.231756e+06
    5.235032e+06
    5.238308e+06
    5.241584e+06
    5.244860e+06
    5.248136e+06
    5.251412e+06
    5.254688e+06
    5.257964e+06
    5.261240e+06
    5.264516e+06
    5.267792e+06
    5.271068e+06
    5.274344e+06
    5.277620e+06
    5.280896e+06
    5.284172e+06
    5.287448e+06
    5.290724e+06
    5.294000e+06
    5.297276e+06
    5.300552e+06
    5.303828e+06
    5.307104e+06
    5.310380e+06
    5.313656e+06
    5.316932e+06
    5.320208e+06
    5.323484e+06
    5.326760e+06
    5.330036e+06
    5.333312e+06
    5.336588e+06
    5.339864e+06
    5.343140e+06
    5.346416e+06
    5.349692e+06
    5.352968e+06
    5.356244e+06
    5.359520e+06
    5.362796e+06
    5.366072e+06
    5.369348e+06
    5.372624e+06
    5.375900e+06
    5.379176e+06
    5.382452e+06
    5.385728e+06
    5.389004e+06
    5.392280e+06
    5.395556e+06
    5.398832e+06
    5.402108e+06
    5.405384e+06
    5.408660e+06
    5.411936e+06
    5.415212e+06
    5.418488e+06
    5.421764e+06
    5.425040e+06
    5.428316e+06
    5.431592e+06
    5.434868e+06
    5.438144e+06
    5.441420e+06
    5.444696e+06
    5.447972e+06
    5.451248e+06
    5.454524e+06
    5.457800e+06
    5.461076e+06
    5.464352e+06
    5.467628e+06
    5.470904e+06
    5.474180e+06
    5.477456e+06
    5.480732e+06
    5.484008e+06
    5.487284e+06
    5.490560e+06
    5.493836e+06
    5.497112e+06
    5.500388e+06
    5.503664e+06
    5.506940e+06
    5.510216e+06
    5.513492e+06
    5.516768e+06
    5.520044e+06
    5.523320e+06
    5.526596e+06
    5.529872e+06
    5.533148e+06
    5.536424e+06
    5.539700e+06
    5.542976e+06
    5.546252e+06
    5.549528e+06
    5.552804e+06
    5.556080e+06
    5.559356e+06
    5.562632e+06
    5.565908e+06
    5.569184e+06
    5.572460e+06
    5.575736e+06
    5.579012e+06
    5.582288e+06
    5.585564e+06
    5.588840e+06
    5.592116e+06
    5.595392e+06
    5.598668e+06
    5.601944e+06
    5.605220e+06
    5.608496e+06
    5.611772e+06
    5.615048e+06
    5.618324e+06
    5.621600e+06
    5.624876e+06
    5.628152e+06
    5.631428e+06
    5.634704e+06
    5.637980e+06
    5.641256e+06
    5.644532e+06
    5.647808e+06
    5.651084e+06
    5.654360e+06
    5.657636e+06
    5.660912e+06
    5.664188e+06
    5.667464e+06
    5.670740e+06
    5.674016e+06
    5.677292e+06
    5.680568e+06
    5.683844e+06
    5.687120e+06
    5.690396e+06
    5.693672e+06
    5.696948e+06
    5.700224e+06
    5.703500e+06
    5.706776e+06
    5.710052e+06
    5.713328e+06
    5.716604e+06
    5.719880e+06
    5.723156e+06
    5.726432e+06
    5.729708e+06
    5.732984e+06
    5.736260e+06
    5.739536e+06
    5.742812e+06
    5.746088e+06
    5.749364e+06
    5.752640e+06
    5.755916e+06
    5.759192e+06
    5.762468e+06
    5.765744e+06
    5.769020e+06
    5.772296e+06
    5.775572e+06
    5.778848e+06
    5.782124e+06
    5.785400e+06
    5.788676e+06
    5.791952e+06
    5.795228e+06
    5.798504e+06
    5.801780e+06
    5.805056e+06
    5.808332e+06
    5.811608e+06
    5.814884e+06
    5.818160e+06
    5.821436e+06
    5.824712e+06
    5.827988e+06
    5.831264e+06
    5.834540e+06
    5.837816e+06
    5.841092e+06
    5.844368e+06
    5.847644e+06
    5.850920e+06
    5.854196e+06
    5.857472e+06
    5.860748e+06
    5.864024e+06
    5.867300e+06
    5.870576e+06
    5.873852e+06
    5.877128e+06
    5.880404e+06
    5.883680e+06
    5.886956e+06
    5.890232e+06
    5.893508e+06
    5.896784e+06
    5.900060e+06
    5.903336e+06
    5.906612e+06
    5.909888e+06
    5.913164e+06
    5.916440e+06
    5.919716e+06
    5.922992e+06
    5.926268e+06
    5.929544e+06
    5.932820e+06
    5.936096e+06
    5.939372e+06
    5.942648e+06
    5.945924e+06
    5.949200e+06
    5.952476e+06
    5.955752e+06
    5.959028e+06
    5.962304e+06
    5.965580e+06
    5.968856e+06
    5.972132e+06
    5.975408e+06
    5.978684e+06
    5.981960e+06
    5.985236e+06
    5.988512e+06
    5.991788e+06
    5.995064e+06
    5.998340e+06
    6.001616e+06
    6.004892e+06
    6.008168e+06
    6.011444e+06
    6.014720e+06
    6.017996e+06
    6.021272e+06
    6.024548e+06
    6.027824e+06
    6.031100e+06
    6.034376e+06
    6.037652e+06
    6.040928e+06
    6.044204e+06
    6.047480e+06
    6.050756e+06
    6.054032e+06
    6.057308e+06
    6.060584e+06
    6.063860e+06
    6.067136e+06
    6.070412e+06
    6.073688e+06
    6.076964e+06
    6.080240e+06
    6.083516e+06
    6.086792e+06
    6.090068e+06
    6.093344e+06
    6.096620e+06
    6.099896e+06
    6.103172e+06
    6.106448e+06
    6.109724e+06
    6.113000e+06
    6.116276e+06
    6.119552e+06
    6.122828e+06
    6.126104e+06
    6.129380e+06
    6.132656e+06
    6.135932e+06
    6.139208e+06
    6.142484e+06
    6.145760e+06
    6.149036e+06
    6.152312e+06
    6.155588e+06
    6.158864e+06
    6.162140e+06
    6.165416e+06
    6.168692e+06
    6.171968e+06
    6.175244e+06
    6.178520e+06
    6.181796e+06
    6.185072e+06
    6.188348e+06
    6.191624e+06
    6.194900e+06
    6.198176e+06
    6.201452e+06
    6.204728e+06
    6.208004e+06
    6.211280e+06
    6.214556e+06
    6.217832e+06
    6.221108e+06
    6.224384e+06
    6.227660e+06
    6.230936e+06
    6.234212e+06
    6.237488e+06
    6.240764e+06
    6.244040e+06
    6.247316e+06
    6.250592e+06
    6.253868e+06
    6.257144e+06
    6.260420e+06
    6.263696e+06
    6.266972e+06
    6.270248e+06
    6.273524e+06
    6.276800e+06
    6.280076e+06
    6.283352e+06
    6.286628e+06
    6.289904e+06
    6.293180e+06
    6.296456e+06
    6.299732e+06
    6.303008e+06
    6.306284e+06
    6.309560e+06
    6.312836e+06
    6.316112e+06
    6.319388e+06
    6.322664e+06
    6.325940e+06
    6.329216e+06
    6.332492e+06
    6.335768e+06
    6.339044e+06
    6.342320e+06
    6.345596e+06
    6.348872e+06
    6.352148e+06
    6.355424e+06
    6.358700e+06
    6.361976e+06
    6.365252e+06
    6.368528e+06
    6.371804e+06
    6.375080e+06
    6.378356e+06
    6.381632e+06
    6.384908e+06
    6.388184e+06
    6.391460e+06
    6.394736e+06
    6.398012e+06
    6.401288e+06
    6.404564e+06
    6.407840e+06
    6.411116e+06
    6.414392e+06
    6.417668e+06
    6.420944e+06
    6.424220e+06
    6.427496e+06
    6.430772e+06
    6.434048e+06
    6.437324e+06
    6.440600e+06
    6.443876e+06
    6.447152e+06
    6.450428e+06
    6.453704e+06
    6.456980e+06
    6.460256e+06
    6.463532e+06
    6.466808e+06
    6.470084e+06
    6.473360e+06
    6.476636e+06
    6.479912e+06
    6.483188e+06
    6.486464e+06
    6.489740e+06
    6.493016e+06
    6.496292e+06
    6.499568e+06
    6.502844e+06
    6.506120e+06
    6.509396e+06
    6.512672e+06
    6.515948e+06
    6.519224e+06
    6.522500e+06
    6.525776e+06
    6.529052e+06
    6.532328e+06
    6.535604e+06
    6.538880e+06
    6.542156e+06
    6.545432e+06
    6.548708e+06
    6.551984e+06
    6.555260e+06
    6.558536e+06
    6.561812e+06
    6.565088e+06
    6.568364e+06
    6.571640e+06
    6.574916e+06
    6.578192e+06
    6.581468e+06
    6.584744e+06
    6.588020e+06
    6.591296e+06
    6.594572e+06
    6.597848e+06
    6.601124e+06
    6.604400e+06
    6.607676e+06
    6.610952e+06
    6.614228e+06
    6.617504e+06
    6.620780e+06
    6.624056e+06
    6.627332e+06
    6.630608e+06
    6.633884e+06
    6.637160e+06
    6.640436e+06
    6.643712e+06
    6.646988e+06
    6.650264e+06
    6.653540e+06
    6.656816e+06
    6.660092e+06
    6.663368e+06
    6.666644e+06
    6.669920e+06
    6.673196e+06
    6.676472e+06
    6.679748e+06
    6.683024e+06
    6.686300e+06
    6.689576e+06
    6.692852e+06
    6.696128e+06
    6.699404e+06
    6.702680e+06
    6.705956e+06
    6.709232e+06
    6.712508e+06
    6.715784e+06
    6.719060e+06
    6.722336e+06
    6.725612e+06
    6.728888e+06
    6.732164e+06
    6.735440e+06
    6.738716e+06
    6.741992e+06
    6.745268e+06
    6.748544e+06
    6.751820e+06
    6.755096e+06
    6.758372e+06
    6.761648e+06
    6.764924e+06
    6.768200e+06
    6.771476e+06
    6.774752e+06
    6.778028e+06
    6.781304e+06
    6.784580e+06
    6.787856e+06
    6.791132e+06
    6.794408e+06
    6.797684e+06
    6.800960e+06
    6.804236e+06
    6.807512e+06
    6.810788e+06
    6.814064e+06
    6.817340e+06
    6.820616e+06
    6.823892e+06
    6.827168e+06
    6.830444e+06
    6.833720e+06
    6.836996e+06
    6.840272e+06
    6.843548e+06
    6.846824e+06
    6.850100e+06
    6.853376e+06
    6.856652e+06
    6.859928e+06
    6.863204e+06
    6.866480e+06
    6.869756e+06
    6.873032e+06
    6.876308e+06
    6.879584e+06
    6.882860e+06
    6.886136e+06
    6.889412e+06
    6.892688e+06
    6.895964e+06
    6.899240e+06
    6.902516e+06
    6.905792e+06
    6.909068e+06
    6.912344e+06
    6.915620e+06
    6.918896e+06
    6.922172e+06
    6.925448e+06
    6.928724e+06
    6.932000e+06
    6.935276e+06
    6.938552e+06
    6.941828e+06
    6.945104e+06
    6.948380e+06
    6.951656e+06
    6.954932e+06
    6.958208e+06
    6.961484e+06
    6.964760e+06
    6.968036e+06
    6.971312e+06
    6.974588e+06
    6.977864e+06
    6.981140e+06
    6.984416e+06
    6.987692e+06
    6.990968e+06
    6.994244e+06
    6.997520e+06
    7.000796e+06
    7.004072e+06
    7.007348e+06
    7.010624e+06
    7.013900e+06
    7.017176e+06
    7.020452e+06
    7.023728e+06
    7.027004e+06
    7.030280e+06
    7.033556e+06
    7.036832e+06
    7.040108e+06
    7.043384e+06
    7.046660e+06
    7.049936e+06
    7.053212e+06
    7.056488e+06
    7.059764e+06
    7.063040e+06
    7.066316e+06
    7.069592e+06
    7.072868e+06
    7.076144e+06
    7.079420e+06
    7.082696e+06
    7.085972e+06
    7.089248e+06
    7.092524e+06
    7.095800e+06
    7.099076e+06
    7.102352e+06
    7.105628e+06
    7.108904e+06
    7.112180e+06
    7.115456e+06
    7.118732e+06
    7.122008e+06
    7.125284e+06
    7.128560e+06
    7.131836e+06
    7.135112e+06
    7.138388e+06
    7.141664e+06
    7.144940e+06
    7.148216e+06
    7.151492e+06
    7.154768e+06
    7.158044e+06
    7.161320e+06
    7.164596e+06
    7.167872e+06
    7.171148e+06
    7.174424e+06
    7.177700e+06
    7.180976e+06
    7.184252e+06
    7.187528e+06
    7.190804e+06
    7.194080e+06
    7.197356e+06
    7.200632e+06
    7.203908e+06
    7.207184e+06
    7.210460e+06
    7.213736e+06
    7.217012e+06
    7.220288e+06
    7.223564e+06
    7.226840e+06
    7.230116e+06
    7.233392e+06
    7.236668e+06
    7.239944e+06
    7.243220e+06
    7.246496e+06
    7.249772e+06
    7.253048e+06
    7.256324e+06
    7.259600e+06
    7.262876e+06
    7.266152e+06
    7.269428e+06
    7.272704e+06
    7.275980e+06
    7.279256e+06
    7.282532e+06
    7.285808e+06
    7.289084e+06
    7.292360e+06
    7.295636e+06
    7.298912e+06
    7.302188e+06
    7.305464e+06
    7.308740e+06
    7.312016e+06
    7.315292e+06
    7.318568e+06
    7.321844e+06
    7.325120e+06
    7.328396e+06
    7.331672e+06
    7.334948e+06
    7.338224e+06
    7.341500e+06
    7.344776e+06
    7.348052e+06
    7.351328e+06
    7.354604e+06
    7.357880e+06
    7.361156e+06
    7.364432e+06
    7.367708e+06
    7.370984e+06
    7.374260e+06
    7.377536e+06
    7.380812e+06
    7.384088e+06
    7.387364e+06
    7.390640e+06
    7.393916e+06
    7.397192e+06
    7.400468e+06
    7.403744e+06
    7.407020e+06
    7.410296e+06
    7.413572e+06
    7.416848e+06
    7.420124e+06
    7.423400e+06
    7.426676e+06
    7.429952e+06
    7.433228e+06
    7.436504e+06
    7.439780e+06
    7.443056e+06
    7.446332e+06
    7.449608e+06
    7.452884e+06
    7.456160e+06
    7.459436e+06
    7.462712e+06
    7.465988e+06
    7.469264e+06
    7.472540e+06
    7.475816e+06
    7.479092e+06
    7.482368e+06
    7.485644e+06
    7.488920e+06
    7.492196e+06
    7.495472e+06
    7.498748e+06
    7.502024e+06
    7.505300e+06
    7.508576e+06
    7.511852e+06
    7.515128e+06
    7.518404e+06
    7.521680e+06
    7.524956e+06
    7.528232e+06
    7.531508e+06
    7.534784e+06
    7.538060e+06
    7.541336e+06
    7.544612e+06
    7.547888e+06
    7.551164e+06
    7.554440e+06
    7.557716e+06
    7.560992e+06
    7.564268e+06
    7.567544e+06
    7.570820e+06
    7.574096e+06
    7.577372e+06
    7.580648e+06
    7.583924e+06
    7.587200e+06
    7.590476e+06
    7.593752e+06
    7.597028e+06
    7.600304e+06
    7.603580e+06
    7.606856e+06
    7.610132e+06
    7.613408e+06
    7.616684e+06
    7.619960e+06
    7.623236e+06
    7.626512e+06
    7.629788e+06
    7.633064e+06
    7.636340e+06
    7.639616e+06
    7.642892e+06
    7.646168e+06
    7.649444e+06
    7.652720e+06
    7.655996e+06
    7.659272e+06
    7.662548e+06
    7.665824e+06
    7.669100e+06
    7.672376e+06
    7.675652e+06
    7.678928e+06
    7.682204e+06
    7.685480e+06
    7.688756e+06
    7.692032e+06
    7.695308e+06
    7.698584e+06
    7.701860e+06
    7.705136e+06
    7.708412e+06
    7.711688e+06
    7.714964e+06
    7.718240e+06
    7.721516e+06
    7.724792e+06
    7.728068e+06
    7.731344e+06
    7.734620e+06
    7.737896e+06
    7.741172e+06
    7.744448e+06
    7.747724e+06
    7.751000e+06
    7.754276e+06
    7.757552e+06
    7.760828e+06
    7.764104e+06
    7.767380e+06
    7.770656e+06
    7.773932e+06
    7.777208e+06
    7.780484e+06
    7.783760e+06
    7.787036e+06
    7.790312e+06
    7.793588e+06
    7.796864e+06
    7.800140e+06
    7.803416e+06
    7.806692e+06
    7.809968e+06
    7.813244e+06
    7.816520e+06
    7.819796e+06
    7.823072e+06
    7.826348e+06
    7.829624e+06
    7.832900e+06
    7.836176e+06
    7.839452e+06
    7.842728e+06
    7.846004e+06
    7.849280e+06
    7.852556e+06
    7.855832e+06
    7.859108e+06
    7.862384e+06
    7.865660e+06
    7.868936e+06
    7.872212e+06
    7.875488e+06
    7.878764e+06
    7.882040e+06
    7.885316e+06
    7.888592e+06
    7.891868e+06
    7.895144e+06
    7.898420e+06
    7.901696e+06
    7.904972e+06
    7.908248e+06
    7.911524e+06
    7.914800e+06
    7.918076e+06
    7.921352e+06
    7.924628e+06
    7.927904e+06
    7.931180e+06
    7.934456e+06
    7.937732e+06
    7.941008e+06
    7.944284e+06
    7.947560e+06
    7.950836e+06
    7.954112e+06
    7.957388e+06
    7.960664e+06
    7.963940e+06
    7.967216e+06
    7.970492e+06
    7.973768e+06
    7.977044e+06
    7.980320e+06
    7.983596e+06
    7.986872e+06
    7.990148e+06
    7.993424e+06
    7.996700e+06
    7.999976e+06
    8.003252e+06
    8.006528e+06
    8.009804e+06
    8.013080e+06
    8.016356e+06
    8.019632e+06
    8.022908e+06
    8.026184e+06
    8.029460e+06
    8.032736e+06
    8.036012e+06
    8.039288e+06
    8.042564e+06
    8.045840e+06
    8.049116e+06
    8.052392e+06
    8.055668e+06
    8.058944e+06
    8.062220e+06
    8.065496e+06
    8.068772e+06
    8.072048e+06
    8.075324e+06
    8.078600e+06
    8.081876e+06
    8.085152e+06
    8.088428e+06
    8.091704e+06
    8.094980e+06
    8.098256e+06
    8.101532e+06
    8.104808e+06
    8.108084e+06
    8.111360e+06
    8.114636e+06
    8.117912e+06
    8.121188e+06
    8.124464e+06
    8.127740e+06
    8.131016e+06
    8.134292e+06
    8.137568e+06
    8.140844e+06
    8.144120e+06
    8.147396e+06
    8.150672e+06
    8.153948e+06
    8.157224e+06
    8.160500e+06
    8.163776e+06
    8.167052e+06
    8.170328e+06
    8.173604e+06
    8.176880e+06
    8.180156e+06
    8.183432e+06
    8.186708e+06
    8.189984e+06
    8.193260e+06
    8.196536e+06
    8.199812e+06
    8.203088e+06
    8.206364e+06
    8.209640e+06
    8.212916e+06
    8.216192e+06
    8.219468e+06
    8.222744e+06
    8.226020e+06
    8.229296e+06
    8.232572e+06
    8.235848e+06
    8.239124e+06
    8.242400e+06
    8.245676e+06
    8.248952e+06
    8.252228e+06
    8.255504e+06
    8.258780e+06
    8.262056e+06
    8.265332e+06
    8.268608e+06
    8.271884e+06
    8.275160e+06
    8.278436e+06
    8.281712e+06
    8.284988e+06
    8.288264e+06
    8.291540e+06
    8.294816e+06
    8.298092e+06
    8.301368e+06
    8.304644e+06
    8.307920e+06
    8.311196e+06
    8.314472e+06
    8.317748e+06
    8.321024e+06
    8.324300e+06
    8.327576e+06
    8.330852e+06
    8.334128e+06
    8.337404e+06
    8.340680e+06
    8.343956e+06
    8.347232e+06
    8.350508e+06
    8.353784e+06
    8.357060e+06
    8.360336e+06
    8.363612e+06
    8.366888e+06
    8.370164e+06
    8.373440e+06
    8.376716e+06
    8.379992e+06
    8.383268e+06
    8.386544e+06
    8.389820e+06
    8.393096e+06
    8.396372e+06
    8.399648e+06
    8.402924e+06
    8.406200e+06
    8.409476e+06
    8.412752e+06
    8.416028e+06
    8.419304e+06
    8.422580e+06
    8.425856e+06
    8.429132e+06
    8.432408e+06
    8.435684e+06
    8.438960e+06
    8.442236e+06
    8.445512e+06
    8.448788e+06
    8.452064e+06
    8.455340e+06
    8.458616e+06
    8.461892e+06
    8.465168e+06
    8.468444e+06
    8.471720e+06
    8.474996e+06
    8.478272e+06
    8.481548e+06
    8.484824e+06
    8.488100e+06
    8.491376e+06
    8.494652e+06
    8.497928e+06
    8.501204e+06
    8.504480e+06
    8.507756e+06
    8.511032e+06
    8.514308e+06
    8.517584e+06
    8.520860e+06
    8.524136e+06
    8.527412e+06
    8.530688e+06
    8.533964e+06
    8.537240e+06
    8.540516e+06
    8.543792e+06
    8.547068e+06
    8.550344e+06
    8.553620e+06
    8.556896e+06
    8.560172e+06
    8.563448e+06
    8.566724e+06
    8.570000e+06
    8.573276e+06
    8.576552e+06
    8.579828e+06
    8.583104e+06
    8.586380e+06
    8.589656e+06
    8.592932e+06
    8.596208e+06
    8.599484e+06
    8.602760e+06
    8.606036e+06
    8.609312e+06
    8.612588e+06
    8.615864e+06
    8.619140e+06
    8.622416e+06
    8.625692e+06
    8.628968e+06
    8.632244e+06
    8.635520e+06
    8.638796e+06
    8.642072e+06
    8.645348e+06
    8.648624e+06
    8.651900e+06
    8.655176e+06
    8.658452e+06
    8.661728e+06
    8.665004e+06
    8.668280e+06
    8.671556e+06
    8.674832e+06
    8.678108e+06
    8.681384e+06
    8.684660e+06
    8.687936e+06
    8.691212e+06
    8.694488e+06
    8.697764e+06
    8.701040e+06
    8.704316e+06
    8.707592e+06
    8.710868e+06
    8.714144e+06
    8.717420e+06
    8.720696e+06
    8.723972e+06
    8.727248e+06
    8.730524e+06
    8.733800e+06
    8.737076e+06
    8.740352e+06
    8.743628e+06
    8.746904e+06
    8.750180e+06
    8.753456e+06
    8.756732e+06
    8.760008e+06
    8.763284e+06
    8.766560e+06
    8.769836e+06
    8.773112e+06
    8.776388e+06
    8.779664e+06
    8.782940e+06
    8.786216e+06
    8.789492e+06
    8.792768e+06
    8.796044e+06
    8.799320e+06
    8.802596e+06
    8.805872e+06
    8.809148e+06
    8.812424e+06
    8.815700e+06
    8.818976e+06
    8.822252e+06
    8.825528e+06
    8.828804e+06
    8.832080e+06
    8.835356e+06
    8.838632e+06
    8.841908e+06
    8.845184e+06
    8.848460e+06
    8.851736e+06
    8.855012e+06
    8.858288e+06
    8.861564e+06
    8.864840e+06
    8.868116e+06
    8.871392e+06
    8.874668e+06
    8.877944e+06
    8.881220e+06
    8.884496e+06
    8.887772e+06
    8.891048e+06
    8.894324e+06
    8.897600e+06
    8.900876e+06
    8.904152e+06
    8.907428e+06
    8.910704e+06
    8.913980e+06
    8.917256e+06
    8.920532e+06
    8.923808e+06
    8.927084e+06
    8.930360e+06
    8.933636e+06
    8.936912e+06
    8.940188e+06
    8.943464e+06
    8.946740e+06
    8.950016e+06
    8.953292e+06
    8.956568e+06
    8.959844e+06
    8.963120e+06
    8.966396e+06
    8.969672e+06
    8.972948e+06
    8.976224e+06
    8.979500e+06
    8.982776e+06
    8.986052e+06
    8.989328e+06
    8.992604e+06
    8.995880e+06
    8.999156e+06
    9.002432e+06
    9.005708e+06
    9.008984e+06
    9.012260e+06
    9.015536e+06
    9.018812e+06
    9.022088e+06
    9.025364e+06
    9.028640e+06
    9.031916e+06
    9.035192e+06
    9.038468e+06
    9.041744e+06
    9.045020e+06
    9.048296e+06
    9.051572e+06
    9.054848e+06
    9.058124e+06
    9.061400e+06
    9.064676e+06
    9.067952e+06
    9.071228e+06
    9.074504e+06
    9.077780e+06
    9.081056e+06
    9.084332e+06
    9.087608e+06
    9.090884e+06
    9.094160e+06
    9.097436e+06
    9.100712e+06
    9.103988e+06
    9.107264e+06
    9.110540e+06
    9.113816e+06
    9.117092e+06
    9.120368e+06
    9.123644e+06
    9.126920e+06
    9.130196e+06
    9.133472e+06
    9.136748e+06
    9.140024e+06
    9.143300e+06
    9.146576e+06
    9.149852e+06
    9.153128e+06
    9.156404e+06
    9.159680e+06
    9.162956e+06
    9.166232e+06
    9.169508e+06
    9.172784e+06
    9.176060e+06
    9.179336e+06
    9.182612e+06
    9.185888e+06
    9.189164e+06
    9.192440e+06
    9.195716e+06
    9.198992e+06
    9.202268e+06
    9.205544e+06
    9.208820e+06
    9.212096e+06
    9.215372e+06
    9.218648e+06
    9.221924e+06
    9.225200e+06
    9.228476e+06
    9.231752e+06
    9.235028e+06
    9.238304e+06
    9.241580e+06
    9.244856e+06
    9.248132e+06
    9.251408e+06
    9.254684e+06
    9.257960e+06
    9.261236e+06
    9.264512e+06
    9.267788e+06
    9.271064e+06
    9.274340e+06
    9.277616e+06
    9.280892e+06
    9.284168e+06
    9.287444e+06
    9.290720e+06
    9.293996e+06
    9.297272e+06
    9.300548e+06
    9.303824e+06
    9.307100e+06
    9.310376e+06
    9.313652e+06
    9.316928e+06
    9.320204e+06
    9.323480e+06
    9.326756e+06
    9.330032e+06
    9.333308e+06
    9.336584e+06
    9.339860e+06
    9.343136e+06
    9.346412e+06
    9.349688e+06
    9.352964e+06
    9.356240e+06
    9.359516e+06
    9.362792e+06
    9.366068e+06
    9.369344e+06
    9.372620e+06
    9.375896e+06
    9.379172e+06
    9.382448e+06
    9.385724e+06
    9.389000e+06
    9.392276e+06
    9.395552e+06
    9.398828e+06
    9.402104e+06
    9.405380e+06
    9.408656e+06
    9.411932e+06
    9.415208e+06
    9.418484e+06
    9.421760e+06
    9.425036e+06
    9.428312e+06
    9.431588e+06
    9.434864e+06
    9.438140e+06
    9.441416e+06
    9.444692e+06
    9.447968e+06
    9.451244e+06
    9.454520e+06
    9.457796e+06
    9.461072e+06
    9.464348e+06
    9.467624e+06
    9.470900e+06
    9.474176e+06
    9.477452e+06
    9.480728e+06
    9.484004e+06
    9.487280e+06
    9.490556e+06
    9.493832e+06
    9.497108e+06
    9.500384e+06
    9.503660e+06
    9.506936e+06
    9.510212e+06
    9.513488e+06
    9.516764e+06
    9.520040e+06
    9.523316e+06
    9.526592e+06
    9.529868e+06
    9.533144e+06
    9.536420e+06
    9.539696e+06
    9.542972e+06
    9.546248e+06
    9.549524e+06
    9.552800e+06
    9.556076e+06
    9.559352e+06
    9.562628e+06
    9.565904e+06
    9.569180e+06
    9.572456e+06
    9.575732e+06
    9.579008e+06
    9.582284e+06
    9.585560e+06
    9.588836e+06
    9.592112e+06
    9.595388e+06
    9.598664e+06
    9.601940e+06
    9.605216e+06
    9.608492e+06
    9.611768e+06
    9.615044e+06
    9.618320e+06
    9.621596e+06
    9.624872e+06
    9.628148e+06
    9.631424e+06
    9.634700e+06
    9.637976e+06
    9.641252e+06
    9.644528e+06
    9.647804e+06
    9.651080e+06
    9.654356e+06
    9.657632e+06
    9.660908e+06
    9.664184e+06
    9.667460e+06
    9.670736e+06
    9.674012e+06
    9.677288e+06
    9.680564e+06
    9.683840e+06
    9.687116e+06
    9.690392e+06
    9.693668e+06
    9.696944e+06
    9.700220e+06
    9.703496e+06
    9.706772e+06
    9.710048e+06
    9.713324e+06
    9.716600e+06
    9.719876e+06
    9.723152e+06
    9.726428e+06
    9.729704e+06
    9.732980e+06
    9.736256e+06
    9.739532e+06
    9.742808e+06
    9.746084e+06
    9.749360e+06
    9.752636e+06
    9.755912e+06
    9.759188e+06
    9.762464e+06
    9.765740e+06
    9.769016e+06
    9.772292e+06
    9.775568e+06
    9.778844e+06
    9.782120e+06
    9.785396e+06
    9.788672e+06
    9.791948e+06
    9.795224e+06
    9.798500e+06
    9.801776e+06
    9.805052e+06
    9.808328e+06
    9.811604e+06
    9.814880e+06
    9.818156e+06
    9.821432e+06
    9.824708e+06
    9.827984e+06
    9.831260e+06
    9.834536e+06
    9.837812e+06
    9.841088e+06
    9.844364e+06
    9.847640e+06
    9.850916e+06
    9.854192e+06
    9.857468e+06
    9.860744e+06
    9.864020e+06
    9.867296e+06
    9.870572e+06
    9.873848e+06
    9.877124e+06
    9.880400e+06
    9.883676e+06
    9.886952e+06
    9.890228e+06
    9.893504e+06
    9.896780e+06
    9.900056e+06
    9.903332e+06
    9.906608e+06
    9.909884e+06
    9.913160e+06
    9.916436e+06
    9.919712e+06
    9.922988e+06
    9.926264e+06
    9.929540e+06
    9.932816e+06
    9.936092e+06
    9.939368e+06
    9.942644e+06
    9.945920e+06
    9.949196e+06
    9.952472e+06
    9.955748e+06
    9.959024e+06
    9.962300e+06
    9.965576e+06
    9.968852e+06
    9.972128e+06
    9.975404e+06
    9.978680e+06
    9.981956e+06
    9.985232e+06
    9.988508e+06
    9.991784e+06
    9.995060e+06
    9.998336e+06
    1.000161e+07
    1.000489e+07
    1.000816e+07
    1.001144e+07
    1.001472e+07
    1.001799e+07
    1.002127e+07
    1.002454e+07
    1.002782e+07
    1.003110e+07
    1.003437e+07
    1.003765e+07
    1.004092e+07
    1.004420e+07
    1.004748e+07
    1.005075e+07
    1.005403e+07
    1.005730e+07
    1.006058e+07
    1.006386e+07
    1.006713e+07
    1.007041e+07
    1.007368e+07
    1.007696e+07
    1.008024e+07
    1.008351e+07
    1.008679e+07
    1.009006e+07
    1.009334e+07
    1.009662e+07
    1.009989e+07
    1.010317e+07
    1.010644e+07
    1.010972e+07
    1.011300e+07
    1.011627e+07
    1.011955e+07
    1.012282e+07
    1.012610e+07
    1.012938e+07
    1.013265e+07
    1.013593e+07
    1.013920e+07
    1.014248e+07
    1.014576e+07
    1.014903e+07
    1.015231e+07
    1.015558e+07
    1.015886e+07
    1.016214e+07
    1.016541e+07
    1.016869e+07
    1.017196e+07
    1.017524e+07
    1.017852e+07
    1.018179e+07
    1.018507e+07
    1.018834e+07
    1.019162e+07
    1.019490e+07
    1.019817e+07
    1.020145e+07
    1.020472e+07
    1.020800e+07
    1.021128e+07
    1.021455e+07
    1.021783e+07
    1.022110e+07
    1.022438e+07
    1.022766e+07
    1.023093e+07
    1.023421e+07
