        2.105900e+04
        2.449100e+04
        2.792100e+04
        3.134900e+04
        3.465500e+04
        3.752300e+04
        4.001100e+04
        4.218900e+04
        4.409900e+04
        4.577700e+04
        4.724900e+04
        4.852400e+04
        4.962600e+04
        5.056300e+04
        5.134100e+04
        5.196900e+04
        5.245300e+04
        5.279500e+04
        5.299900e+04
        5.311700e+04
        5.300000e+04
        5.279700e+04
        5.245800e+04
        5.197100e+04
        5.134700e+04
        5.057000e+04
        4.963600e+04
        4.853800e+04
        4.725900e+04
        4.580000e+04
        4.411600e+04
        4.221000e+04
        4.003300e+04
        3.754800e+04
        3.468500e+04
        3.138500e+04
        2.795300e+04
        2.452500e+04
        2.109200e+04
        1.766300e+04
        1.423200e+04
        1.080200e+04
        7.372000e+03
        3.942000e+03
        5.120000e+02
       -2.919000e+03
       -6.349000e+03
       -9.779000e+03
       -1.320900e+04
       -1.664000e+04
       -2.006900e+04
       -2.349900e+04
       -2.692900e+04
       -3.036100e+04
       -3.378900e+04
       -3.722100e+04
       -4.065000e+04
       -4.408100e+04
       -4.751000e+04
       -5.094100e+04
       -5.437200e+04
       -5.780200e+04
       -6.123300e+04
       -6.466100e+04
       -6.809300e+04
       -7.152100e+04
       -7.495300e+04
       -7.838300e+04
       -8.181400e+04
       -8.524200e+04
       -8.867300e+04
       -9.210300e+04
       -9.553500e+04
       -9.896200e+04
       -1.023940e+05
       -1.058250e+05
       -1.092560e+05
       -1.126860e+05
       -1.161140e+05
       -1.195460e+05
       -1.229740e+05
       -1.264060e+05
       -1.298360e+05
       -1.332660e+05
       -1.366950e+05
       -1.401270e+05
       -1.435560e+05
       -1.469860e+05
       -1.504160e+05
       -1.538470e+05
       -1.572780e+05
       -1.607090e+05
       -1.641370e+05
       -1.675680e+05
       -1.709980e+05
       -1.744280e+05
       -1.778580e+05
       -1.812880e+05
       -1.847200e+05
       -1.881480e+05
       -1.915800e+05
       -1.950100e+05
       -1.984390e+05
       -2.018690e+05
       -2.053010e+05
       -2.087310e+05
       -2.121610e+05
       -2.155900e+05
       -2.190220e+05
       -2.224510e+05
       -2.258810e+05
       -2.293110e+05
       -2.327420e+05
       -2.361720e+05
       -2.396030e+05
       -2.430310e+05
       -2.464620e+05
       -2.498930e+05
       -2.533220e+05
       -2.567540e+05
       -2.601840e+05
       -2.636130e+05
       -2.670430e+05
       -2.704750e+05
       -2.739040e+05
       -2.773340e+05
       -2.807640e+05
       -2.841960e+05
       -2.876250e+05
       -2.910550e+05
       -2.944850e+05
       -2.979150e+05
       -3.013450e+05
       -3.047760e+05
       -3.082060e+05
       -3.116360e+05
       -3.150670e+05
       -3.184960e+05
       -3.219280e+05
       -3.253570e+05
       -3.287880e+05
       -3.322170e+05
       -3.356480e+05
       -3.390780e+05
       -3.425080e+05
       -3.459380e+05
       -3.493690e+05
       -3.527970e+05
       -3.562290e+05
       -3.596600e+05
       -3.630890e+05
       -3.665180e+05
       -3.699490e+05
       -3.733800e+05
       -3.768100e+05
       -3.802410e+05
       -3.836700e+05
       -3.871020e+05
       -3.905310e+05
       -3.939620e+05
       -3.973910e+05
       -4.008210e+05
       -4.042510e+05
       -4.076820e+05
       -4.111130e+05
       -4.145420e+05
       -4.179720e+05
       -4.214020e+05
       -4.248340e+05
       -4.282620e+05
       -4.316930e+05
       -4.351240e+05
       -4.385550e+05
       -4.419840e+05
       -4.454120e+05
       -4.488440e+05
       -4.522740e+05
       -4.557060e+05
       -4.591360e+05
       -4.625650e+05
       -4.659950e+05
       -4.694260e+05
       -4.728550e+05
       -4.762860e+05
       -4.797150e+05
       -4.831460e+05
       -4.865770e+05
       -4.900080e+05
       -4.934370e+05
       -4.968650e+05
       -5.002980e+05
       -5.037270e+05
       -5.071580e+05
       -5.105860e+05
       -5.140190e+05
       -5.174480e+05
       -5.208790e+05
       -5.243090e+05
       -5.277380e+05
       -5.311690e+05
       -5.346000e+05
       -5.380290e+05
       -5.414600e+05
       -5.448900e+05
       -5.483200e+05
       -5.517510e+05
       -5.551790e+05
       -5.586120e+05
       -5.620390e+05
       -5.654720e+05
       -5.689010e+05
       -5.723310e+05
       -5.757610e+05
       -5.791920e+05
       -5.826210e+05
       -5.860520e+05
       -5.894840e+05
       -5.929130e+05
       -5.963430e+05
       -5.997730e+05
       -6.032040e+05
       -6.066330e+05
       -6.100640e+05
       -6.134940e+05
       -6.169240e+05
       -6.203530e+05
       -6.237850e+05
       -6.272130e+05
       -6.306450e+05
       -6.340750e+05
       -6.375050e+05
       -6.409360e+05
       -6.443660e+05
       -6.477940e+05
       -6.512250e+05
       -6.546570e+05
       -6.580880e+05
       -6.615170e+05
       -6.649460e+05
       -6.683780e+05
       -6.718070e+05
       -6.752380e+05
       -6.786680e+05
       -6.820980e+05
       -6.855280e+05
       -6.889590e+05
       -6.923880e+05
       -6.958180e+05
       -6.992480e+05
       -7.026790e+05
       -7.061090e+05
       -7.095400e+05
       -7.129690e+05
       -7.163990e+05
       -7.198310e+05
       -7.232610e+05
       -7.266890e+05
       -7.301200e+05
       -7.335520e+05
       -7.369810e+05
       -7.404120e+05
       -7.438410e+05
       -7.472710e+05
       -7.507010e+05
       -7.541330e+05
       -7.575620e+05
       -7.609930e+05
       -7.644220e+05
       -7.678540e+05
       -7.712830e+05
       -7.747130e+05
       -7.781420e+05
       -7.815730e+05
       -7.850040e+05
       -7.884340e+05
       -7.918640e+05
       -7.952940e+05
       -7.987250e+05
       -8.021540e+05
       -8.055850e+05
       -8.090150e+05
       -8.124460e+05
       -8.158750e+05
       -8.193060e+05
       -8.227360e+05
       -8.261650e+05
       -8.295950e+05
       -8.330280e+05
       -8.364560e+05
       -8.398870e+05
       -8.433170e+05
       -8.467470e+05
       -8.501780e+05
       -8.536070e+05
       -8.570390e+05
       -8.604680e+05
       -8.639000e+05
       -8.673270e+05
       -8.707600e+05
       -8.741890e+05
       -8.776190e+05
       -8.810490e+05
       -8.844800e+05
       -8.879100e+05
       -8.913390e+05
       -8.947710e+05
       -8.982000e+05
       -9.016300e+05
       -9.050600e+05
       -9.084920e+05
       -9.119210e+05
       -9.153510e+05
       -9.187810e+05
       -9.222130e+05
       -9.256410e+05
       -9.290710e+05
       -9.325020e+05
       -9.359330e+05
       -9.393640e+05
       -9.427930e+05
       -9.462230e+05
       -9.496530e+05
       -9.530840e+05
       -9.565130e+05
       -9.599450e+05
       -9.633740e+05
       -9.668040e+05
       -9.702350e+05
       -9.736660e+05
       -9.770930e+05
       -9.805240e+05
       -9.839570e+05
       -9.873860e+05
       -9.908160e+05
       -9.942450e+05
       -9.976770e+05
       -1.001106e+06
       -1.004537e+06
       -1.007965e+06
       -1.011397e+06
       -1.014827e+06
       -1.018258e+06
       -1.021688e+06
       -1.025117e+06
       -1.028548e+06
       -1.031977e+06
       -1.035410e+06
       -1.038838e+06
       -1.042269e+06
       -1.045697e+06
       -1.049130e+06
       -1.052559e+06
       -1.055989e+06
       -1.059420e+06
       -1.062851e+06
       -1.066280e+06
       -1.069710e+06
       -1.073142e+06
       -1.076570e+06
       -1.080001e+06
       -1.083431e+06
       -1.086862e+06
       -1.090290e+06
       -1.093722e+06
       -1.097151e+06
       -1.100583e+06
       -1.104011e+06
       -1.107442e+06
       -1.110873e+06
       -1.114304e+06
       -1.117733e+06
       -1.121163e+06
       -1.124594e+06
       -1.128024e+06
       -1.131454e+06
       -1.134884e+06
       -1.138316e+06
       -1.141744e+06
       -1.145175e+06
       -1.148604e+06
       -1.152036e+06
       -1.155464e+06
       -1.158895e+06
       -1.162327e+06
       -1.165756e+06
       -1.169186e+06
       -1.172617e+06
       -1.176046e+06
       -1.179476e+06
       -1.182906e+06
       -1.186337e+06
       -1.189767e+06
       -1.193198e+06
       -1.196627e+06
       -1.200058e+06
       -1.203489e+06
       -1.206918e+06
       -1.210348e+06
       -1.213779e+06
       -1.217210e+06
       -1.220639e+06
       -1.224069e+06
       -1.227499e+06
       -1.230929e+06
       -1.234359e+06
       -1.237792e+06
       -1.241220e+06
       -1.244650e+06
       -1.248080e+06
       -1.251511e+06
       -1.254941e+06
       -1.258370e+06
       -1.261802e+06
       -1.265232e+06
       -1.268663e+06
       -1.272092e+06
       -1.275521e+06
       -1.278952e+06
       -1.282383e+06
       -1.285813e+06
       -1.289244e+06
       -1.292673e+06
       -1.296104e+06
       -1.299533e+06
       -1.302966e+06
       -1.306392e+06
       -1.309823e+06
       -1.313254e+06
       -1.316686e+06
       -1.320113e+06
       -1.323544e+06
       -1.326975e+06
       -1.330405e+06
       -1.333836e+06
       -1.337266e+06
       -1.340696e+06
       -1.344125e+06
       -1.347557e+06
       -1.350984e+06
       -1.354417e+06
       -1.357845e+06
       -1.361276e+06
       -1.364706e+06
       -1.368137e+06
       -1.371566e+06
       -1.374996e+06
       -1.378428e+06
       -1.381858e+06
       -1.385287e+06
       -1.388717e+06
       -1.392150e+06
       -1.395578e+06
       -1.399009e+06
       -1.402438e+06
       -1.405869e+06
       -1.409298e+06
       -1.412731e+06
       -1.416159e+06
       -1.419590e+06
       -1.423020e+06
       -1.426450e+06
       -1.429880e+06
       -1.433310e+06
       -1.436742e+06
       -1.440170e+06
       -1.443602e+06
       -1.447031e+06
       -1.450461e+06
       -1.453891e+06
       -1.457322e+06
       -1.460750e+06
       -1.464182e+06
       -1.467614e+06
       -1.471042e+06
       -1.474473e+06
       -1.477902e+06
       -1.481334e+06
       -1.484763e+06
       -1.488194e+06
       -1.491623e+06
       -1.495054e+06
       -1.498484e+06
       -1.501915e+06
       -1.505344e+06
       -1.508774e+06
       -1.512206e+06
       -1.515635e+06
       -1.519067e+06
       -1.522495e+06
       -1.525925e+06
       -1.529355e+06
       -1.532787e+06
       -1.536217e+06
       -1.539646e+06
       -1.543076e+06
       -1.546508e+06
       -1.549938e+06
       -1.553367e+06
       -1.556798e+06
       -1.560227e+06
       -1.563659e+06
       -1.567089e+06
       -1.570518e+06
       -1.573947e+06
       -1.577379e+06
       -1.580807e+06
       -1.584240e+06
       -1.587667e+06
       -1.591100e+06
       -1.594530e+06
       -1.597961e+06
       -1.601391e+06
       -1.604819e+06
       -1.608251e+06
       -1.611681e+06
       -1.615112e+06
       -1.618541e+06
       -1.621972e+06
       -1.625401e+06
       -1.628832e+06
       -1.632261e+06
       -1.635692e+06
       -1.639122e+06
       -1.642553e+06
       -1.645984e+06
       -1.649413e+06
       -1.652842e+06
       -1.656273e+06
       -1.659703e+06
       -1.663134e+06
       -1.666565e+06
       -1.669993e+06
       -1.673425e+06
       -1.676855e+06
       -1.680284e+06
       -1.683714e+06
       -1.687145e+06
       -1.690575e+06
       -1.694006e+06
       -1.697436e+06
       -1.700867e+06
       -1.704295e+06
       -1.707726e+06
       -1.711156e+06
       -1.714587e+06
       -1.718017e+06
       -1.721447e+06
       -1.724877e+06
       -1.728308e+06
       -1.731738e+06
       -1.735168e+06
       -1.738598e+06
       -1.742028e+06
       -1.745458e+06
       -1.748889e+06
       -1.752319e+06
       -1.755749e+06
       -1.759178e+06
       -1.762609e+06
       -1.766041e+06
       -1.769469e+06
       -1.772901e+06
       -1.776330e+06
       -1.779761e+06
       -1.783190e+06
       -1.786622e+06
       -1.790050e+06
       -1.793481e+06
       -1.796912e+06
       -1.800342e+06
       -1.803772e+06
       -1.807201e+06
       -1.810632e+06
       -1.814062e+06
       -1.817495e+06
       -1.820922e+06
       -1.824354e+06
       -1.827783e+06
       -1.831215e+06
       -1.834643e+06
       -1.838074e+06
       -1.841504e+06
       -1.844934e+06
       -1.848364e+06
       -1.851794e+06
       -1.855223e+06
       -1.858654e+06
       -1.862086e+06
       -1.865517e+06
       -1.868946e+06
       -1.872375e+06
       -1.875808e+06
       -1.879236e+06
       -1.882667e+06
       -1.886095e+06
       -1.889527e+06
       -1.892957e+06
       -1.896388e+06
       -1.899816e+06
       -1.903247e+06
       -1.906678e+06
       -1.910107e+06
       -1.913539e+06
       -1.916969e+06
       -1.920399e+06
       -1.923828e+06
       -1.927260e+06
       -1.930689e+06
       -1.934120e+06
       -1.937548e+06
       -1.940982e+06
       -1.944410e+06
       -1.947841e+06
       -1.951271e+06
       -1.954700e+06
       -1.958131e+06
       -1.961560e+06
       -1.964991e+06
       -1.968421e+06
       -1.971852e+06
       -1.975282e+06
       -1.978712e+06
       -1.982142e+06
       -1.985572e+06
       -1.989002e+06
       -1.992433e+06
       -1.995864e+06
       -1.999294e+06
       -2.002724e+06
       -2.006154e+06
       -2.009583e+06
       -2.013013e+06
       -2.016446e+06
       -2.019874e+06
       -2.023304e+06
       -2.026734e+06
       -2.030166e+06
       -2.033594e+06
       -2.037025e+06
       -2.040456e+06
       -2.043886e+06
       -2.047317e+06
       -2.050746e+06
       -2.054176e+06
       -2.057606e+06
       -2.061037e+06
       -2.064465e+06
       -2.067898e+06
       -2.071327e+06
       -2.074757e+06
       -2.078188e+06
       -2.081619e+06
       -2.085049e+06
       -2.088477e+06
       -2.091910e+06
       -2.095340e+06
       -2.098770e+06
       -2.102198e+06
       -2.105630e+06
       -2.109059e+06
       -2.112490e+06
       -2.115919e+06
