   -6.226000e+04
   -5.898400e+04
   -5.570800e+04
   -5.243200e+04
   -4.915600e+04
   -4.588000e+04
   -4.260400e+04
   -3.932800e+04
   -3.605200e+04
   -3.277600e+04
   -2.950000e+04
   -2.622400e+04
   -2.294800e+04
   -1.967200e+04
   -1.639600e+04
   -1.312000e+04
   -9.844000e+03
   -6.568000e+03
   -3.292000e+03
   -1.600000e+01
    3.260000e+03
    6.536000e+03
    9.812000e+03
    1.308800e+04
    1.636400e+04
    1.964000e+04
    2.291600e+04
    2.619200e+04
    2.946800e+04
    3.274400e+04
    3.602000e+04
    3.929600e+04
    4.257200e+04
    4.584800e+04
    4.912400e+04
    5.240000e+04
    5.567600e+04
    5.895200e+04
    6.222800e+04
    6.550400e+04
