       -2.100022e+09
       -2.076625e+09
       -2.053359e+09
       -2.030223e+09
       -2.007219e+09
       -1.984346e+09
       -1.961604e+09
       -1.938993e+09
       -1.916513e+09
       -1.894164e+09
       -1.871947e+09
       -1.849860e+09
       -1.827905e+09
       -1.806080e+09
       -1.784387e+09
       -1.762824e+09
       -1.741393e+09
       -1.720093e+09
       -1.698924e+09
       -1.677885e+09
       -1.656978e+09
       -1.636202e+09
       -1.615558e+09
       -1.595044e+09
       -1.574661e+09
       -1.554409e+09
       -1.534289e+09
       -1.514299e+09
       -1.494441e+09
       -1.474714e+09
       -1.455117e+09
       -1.435652e+09
       -1.416318e+09
       -1.397115e+09
       -1.378043e+09
       -1.359102e+09
       -1.340292e+09
       -1.321613e+09
       -1.303066e+09
       -1.284649e+09
       -1.266363e+09
       -1.248209e+09
       -1.230185e+09
       -1.212293e+09
       -1.194532e+09
       -1.176902e+09
       -1.159402e+09
       -1.142034e+09
       -1.124797e+09
       -1.107692e+09
       -1.090717e+09
       -1.073873e+09
       -1.057160e+09
       -1.040579e+09
       -1.024128e+09
       -1.007809e+09
       -9.916201e+08
       -9.755628e+08
       -9.596365e+08
       -9.438413e+08
       -9.281772e+08
       -9.126441e+08
       -8.972421e+08
       -8.819712e+08
       -8.668314e+08
       -8.518226e+08
       -8.369449e+08
       -8.221983e+08
       -8.075827e+08
       -7.930982e+08
       -7.787448e+08
       -7.645225e+08
       -7.504312e+08
       -7.364710e+08
       -7.226419e+08
       -7.089439e+08
       -6.953769e+08
       -6.819410e+08
       -6.686362e+08
       -6.554624e+08
       -6.424197e+08
       -6.295081e+08
       -6.167276e+08
       -6.040781e+08
       -5.915597e+08
       -5.791724e+08
       -5.669161e+08
       -5.547909e+08
       -5.427968e+08
       -5.309338e+08
       -5.192018e+08
       -5.076009e+08
       -4.961311e+08
       -4.847923e+08
       -4.735846e+08
       -4.625080e+08
       -4.515625e+08
       -4.407480e+08
       -4.300646e+08
       -4.195123e+08
       -4.090911e+08
       -3.988009e+08
       -3.886418e+08
       -3.786138e+08
       -3.687168e+08
       -3.589509e+08
       -3.493161e+08
       -3.398124e+08
       -3.304397e+08
       -3.211981e+08
       -3.120876e+08
       -3.031081e+08
       -2.942597e+08
       -2.855424e+08
       -2.769562e+08
       -2.685010e+08
       -2.601769e+08
       -2.519839e+08
       -2.439219e+08
       -2.359910e+08
       -2.281912e+08
       -2.205225e+08
       -2.129848e+08
       -2.055782e+08
       -1.983027e+08
       -1.911583e+08
       -1.841449e+08
       -1.772626e+08
       -1.705114e+08
       -1.638912e+08
       -1.574021e+08
       -1.510441e+08
       -1.448172e+08
       -1.387213e+08
       -1.327565e+08
       -1.269228e+08
       -1.212201e+08
       -1.156485e+08
       -1.102080e+08
       -1.048986e+08
       -9.972019e+07
       -9.467290e+07
       -8.975667e+07
       -8.497152e+07
       -8.031744e+07
       -7.579443e+07
       -7.140250e+07
       -6.714163e+07
       -6.301184e+07
       -5.901312e+07
       -5.514547e+07
       -5.140890e+07
       -4.780339e+07
       -4.432896e+07
       -4.098560e+07
       -3.777331e+07
       -3.469210e+07
       -3.174195e+07
       -2.892288e+07
       -2.623488e+07
       -2.367795e+07
       -2.125210e+07
       -1.895731e+07
       -1.679360e+07
       -1.476096e+07
       -1.285939e+07
       -1.108890e+07
       -9.449472e+06
       -7.941120e+06
       -6.563840e+06
       -5.317632e+06
       -4.202496e+06
       -3.218432e+06
       -2.365440e+06
       -1.643520e+06
       -1.052672e+06
       -5.928960e+05
       -2.641920e+05
       -6.656000e+04
        0.000000e+00
       -6.656000e+04
       -2.641920e+05
       -5.928960e+05
       -1.052672e+06
       -1.643520e+06
       -2.365440e+06
       -3.218432e+06
       -4.202496e+06
       -5.317632e+06
       -6.563840e+06
       -7.941120e+06
       -9.449472e+06
       -1.108890e+07
       -1.285939e+07
       -1.476096e+07
       -1.679360e+07
       -1.895731e+07
       -2.125210e+07
       -2.367795e+07
       -2.623488e+07
       -2.892288e+07
       -3.174195e+07
       -3.469210e+07
       -3.777331e+07
       -4.098560e+07
       -4.432896e+07
       -4.780339e+07
       -5.140890e+07
       -5.514547e+07
       -5.901312e+07
       -6.301184e+07
       -6.714163e+07
       -7.140250e+07
       -7.579443e+07
       -8.031744e+07
       -8.497152e+07
       -8.975667e+07
       -9.467290e+07
       -9.972019e+07
       -1.048986e+08
       -1.102080e+08
       -1.156485e+08
       -1.212201e+08
       -1.269228e+08
       -1.327565e+08
       -1.387213e+08
       -1.448172e+08
       -1.510441e+08
       -1.574021e+08
       -1.638912e+08
       -1.705114e+08
       -1.772626e+08
       -1.841449e+08
       -1.911583e+08
       -1.983027e+08
       -2.055782e+08
       -2.129848e+08
       -2.205225e+08
       -2.281912e+08
       -2.359910e+08
       -2.439219e+08
       -2.519839e+08
       -2.601769e+08
       -2.685010e+08
       -2.769562e+08
       -2.855424e+08
       -2.942597e+08
       -3.031081e+08
       -3.120876e+08
       -3.211981e+08
       -3.304397e+08
       -3.398124e+08
       -3.493161e+08
       -3.589509e+08
       -3.687168e+08
       -3.786138e+08
       -3.886418e+08
       -3.988009e+08
       -4.090911e+08
       -4.195123e+08
       -4.300646e+08
       -4.407480e+08
       -4.515625e+08
       -4.625080e+08
       -4.735846e+08
       -4.847923e+08
       -4.961311e+08
       -5.076009e+08
       -5.192018e+08
       -5.309338e+08
       -5.427968e+08
       -5.547909e+08
       -5.669161e+08
       -5.791724e+08
       -5.915597e+08
       -6.040781e+08
       -6.167276e+08
       -6.295081e+08
       -6.424197e+08
       -6.554624e+08
       -6.686362e+08
       -6.819410e+08
       -6.953769e+08
       -7.089439e+08
       -7.226419e+08
       -7.364710e+08
       -7.504312e+08
       -7.645225e+08
       -7.787448e+08
       -7.930982e+08
       -8.075827e+08
       -8.221983e+08
       -8.369449e+08
       -8.518226e+08
       -8.668314e+08
       -8.819712e+08
       -8.972421e+08
       -9.126441e+08
       -9.281772e+08
       -9.438413e+08
       -9.596365e+08
       -9.755628e+08
       -9.916201e+08
       -1.007809e+09
       -1.024128e+09
       -1.040579e+09
       -1.057160e+09
       -1.073873e+09
       -1.090717e+09
       -1.107692e+09
       -1.124797e+09
       -1.142034e+09
       -1.159402e+09
       -1.176902e+09
       -1.194532e+09
       -1.212293e+09
       -1.230185e+09
       -1.248209e+09
       -1.266363e+09
       -1.284649e+09
       -1.303066e+09
       -1.321613e+09
       -1.340292e+09
       -1.359102e+09
       -1.378043e+09
       -1.397115e+09
       -1.416318e+09
       -1.435652e+09
       -1.455117e+09
       -1.474714e+09
       -1.494441e+09
       -1.514299e+09
       -1.534289e+09
       -1.554409e+09
       -1.574661e+09
       -1.595044e+09
       -1.615558e+09
       -1.636202e+09
       -1.656978e+09
       -1.677885e+09
       -1.698924e+09
       -1.720093e+09
       -1.741393e+09
       -1.762824e+09
       -1.784387e+09
       -1.806080e+09
       -1.827905e+09
       -1.849860e+09
       -1.871947e+09
       -1.894164e+09
       -1.916513e+09
       -1.938993e+09
       -1.961604e+09
       -1.984346e+09
       -2.007219e+09
       -2.030223e+09
       -2.053359e+09
       -2.076625e+09
       -2.100022e+09
       -2.123551e+09
       -2.147210e+09
        2.123966e+09
        2.100045e+09
        2.075992e+09
        2.051808e+09
        2.027493e+09
        2.003047e+09
        1.978470e+09
        1.953762e+09
        1.928923e+09
        1.903953e+09
        1.878852e+09
        1.853619e+09
        1.828256e+09
        1.802761e+09
        1.777136e+09
        1.751379e+09
        1.725491e+09
        1.699472e+09
        1.673322e+09
        1.647042e+09
        1.620630e+09
        1.594086e+09
        1.567412e+09
        1.540607e+09
        1.513671e+09
        1.486603e+09
        1.459405e+09
        1.432075e+09
        1.404615e+09
        1.377023e+09
        1.349300e+09
        1.321446e+09
        1.293462e+09
        1.265346e+09
        1.237098e+09
        1.208720e+09
        1.180211e+09
        1.151571e+09
        1.122800e+09
        1.093897e+09
        1.064864e+09
        1.035699e+09
        1.006404e+09
        9.769769e+08
        9.474191e+08
        9.177303e+08
        8.879104e+08
        8.579594e+08
        8.278774e+08
        7.976643e+08
        7.673201e+08
        7.368448e+08
        7.062385e+08
        6.755011e+08
        6.446326e+08
        6.136330e+08
        5.825024e+08
        5.512407e+08
        5.198479e+08
        4.883241e+08
        4.566692e+08
        4.248832e+08
        3.929661e+08
        3.609180e+08
        3.287388e+08
        2.964285e+08
        2.639872e+08
        2.314148e+08
        1.987113e+08
        1.658767e+08
        1.329111e+08
        9.981440e+07
        6.658662e+07
        3.322778e+07
       -3.355341e+07
       -3.388314e+07
       -6.763520e+07
       -1.015183e+08
       -1.355325e+08
       -1.696778e+08
       -2.039542e+08
       -2.383616e+08
       -2.729001e+08
       -3.075697e+08
       -3.423703e+08
       -3.773020e+08
       -4.123648e+08
       -4.475587e+08
       -4.828836e+08
       -5.183396e+08
       -5.539267e+08
       -5.896448e+08
       -6.254940e+08
       -6.614743e+08
       -6.975857e+08
       -7.338281e+08
       -7.702016e+08
       -8.067062e+08
       -8.433418e+08
       -8.801085e+08
       -9.170063e+08
       -9.540352e+08
       -9.911951e+08
       -1.028486e+09
       -1.065908e+09
       -1.103461e+09
       -1.141146e+09
       -1.178961e+09
       -1.216907e+09
       -1.254985e+09
       -1.293193e+09
       -1.331533e+09
       -1.370003e+09
       -1.408605e+09
       -1.447338e+09
       -1.486202e+09
       -1.525197e+09
       -1.564323e+09
       -1.603580e+09
       -1.642968e+09
       -1.682487e+09
       -1.722138e+09
       -1.761919e+09
       -1.801831e+09
       -1.841875e+09
       -1.882050e+09
       -1.922355e+09
       -1.962792e+09
       -2.003360e+09
       -2.044059e+09
       -2.084889e+09
       -2.125850e+09
        2.128026e+09
        2.086802e+09
        2.045448e+09
        2.003963e+09
        1.962346e+09
        1.920599e+09
        1.878721e+09
        1.836711e+09
        1.794570e+09
        1.752298e+09
        1.709896e+09
        1.667362e+09
        1.624697e+09
        1.581901e+09
        1.538974e+09
        1.495916e+09
        1.452726e+09
        1.409406e+09
        1.365955e+09
        1.322372e+09
        1.278659e+09
        1.234814e+09
        1.190838e+09
        1.146732e+09
        1.102494e+09
        1.058125e+09
        1.013625e+09
        9.689938e+08
        9.242317e+08
        8.793385e+08
        8.343142e+08
        7.891589e+08
        7.438725e+08
        6.984550e+08
        6.529065e+08
        6.072269e+08
        5.614162e+08
        5.154744e+08
        4.694016e+08
        4.231977e+08
        3.768627e+08
        3.303967e+08
        2.837996e+08
        2.370714e+08
        1.902121e+08
        1.432218e+08
        9.610035e+07
        4.884787e+07
        1.464320e+06
       -4.605030e+07
       -9.369600e+07
       -1.414728e+08
       -1.893806e+08
       -2.374195e+08
       -2.855895e+08
       -3.338906e+08
       -3.823227e+08
       -4.308859e+08
       -4.795802e+08
       -5.284055e+08
       -5.773619e+08
       -6.264494e+08
       -6.756680e+08
       -7.250176e+08
       -7.744983e+08
       -8.241101e+08
       -8.738529e+08
       -9.237268e+08
       -9.737318e+08
       -1.023868e+09
       -1.074135e+09
       -1.124533e+09
       -1.175063e+09
       -1.225723e+09
       -1.276514e+09
       -1.327437e+09
       -1.378490e+09
       -1.429675e+09
       -1.480991e+09
       -1.532438e+09
       -1.584015e+09
       -1.635724e+09
       -1.687564e+09
       -1.739535e+09
       -1.791638e+09
       -1.843871e+09
       -1.896235e+09
       -1.948730e+09
       -2.001357e+09
       -2.054114e+09
       -2.107003e+09
        2.134945e+09
        2.081794e+09
        2.028512e+09
        1.975099e+09
        1.921555e+09
        1.867880e+09
        1.814074e+09
        1.760137e+09
        1.706069e+09
        1.651870e+09
        1.597539e+09
        1.543078e+09
        1.488485e+09
        1.433762e+09
        1.378907e+09
        1.323921e+09
        1.268805e+09
        1.213557e+09
        1.158178e+09
        1.102668e+09
        1.047027e+09
        9.912545e+08
        9.353513e+08
        8.793170e+08
        8.231516e+08
        7.668552e+08
        7.104276e+08
        6.538691e+08
        5.971794e+08
        5.403587e+08
        4.834068e+08
        4.263240e+08
        3.691100e+08
        3.117650e+08
        2.542889e+08
        1.966817e+08
        1.389435e+08
        8.107418e+07
        2.307379e+07
       -3.505766e+07
       -9.332019e+07
       -1.517138e+08
       -2.102385e+08
       -2.688942e+08
       -3.276810e+08
       -3.865989e+08
       -4.456479e+08
       -5.048279e+08
       -5.641390e+08
       -6.235812e+08
       -6.831544e+08
       -7.428588e+08
       -8.026941e+08
       -8.626606e+08
       -9.227581e+08
       -9.829868e+08
       -1.043346e+09
       -1.103837e+09
       -1.164459e+09
       -1.225212e+09
       -1.286096e+09
       -1.347111e+09
       -1.408257e+09
       -1.469534e+09
       -1.530942e+09
       -1.592482e+09
       -1.654152e+09
       -1.715954e+09
       -1.777886e+09
       -1.839950e+09
       -1.902145e+09
       -1.964470e+09
       -2.026927e+09
       -2.089515e+09
        2.142733e+09
        2.079883e+09
        2.016902e+09
        1.953790e+09
        1.890547e+09
        1.827172e+09
        1.763667e+09
        1.700030e+09
        1.636263e+09
        1.572364e+09
        1.508335e+09
        1.444174e+09
        1.379882e+09
        1.315459e+09
        1.250905e+09
        1.186220e+09
        1.121404e+09
        1.056457e+09
        9.913784e+08
        9.261691e+08
        8.608287e+08
        7.953572e+08
        7.297546e+08
        6.640210e+08
        5.981563e+08
        5.321605e+08
        4.660337e+08
        3.997757e+08
        3.333868e+08
        2.668667e+08
        2.002156e+08
        1.334333e+08
        6.652006e+07
       -6.710682e+07
       -3.302912e+07
       -6.658253e+07
       -1.001359e+08
       -1.336893e+08
       -1.672428e+08
       -2.007962e+08
       -2.343496e+08
       -2.679030e+08
       -3.014564e+08
       -3.350098e+08
       -3.685632e+08
       -4.021166e+08
       -4.356700e+08
       -4.692234e+08
       -5.027768e+08
       -5.363302e+08
       -5.698836e+08
       -6.034371e+08
       -6.369905e+08
       -6.705439e+08
       -7.040973e+08
       -7.376507e+08
       -7.712041e+08
       -8.047575e+08
       -8.383109e+08
       -8.718643e+08
       -9.054177e+08
       -9.389711e+08
       -9.725245e+08
       -1.006078e+09
       -1.039631e+09
       -1.073185e+09
       -1.106738e+09
       -1.140292e+09
       -1.173845e+09
       -1.207398e+09
       -1.240952e+09
       -1.274505e+09
       -1.308059e+09
       -1.341612e+09
       -1.375165e+09
       -1.408719e+09
       -1.442272e+09
       -1.475826e+09
       -1.509379e+09
       -1.542932e+09
       -1.576486e+09
       -1.610039e+09
       -1.643593e+09
       -1.677146e+09
       -1.710700e+09
       -1.744253e+09
       -1.777806e+09
       -1.811360e+09
       -1.844913e+09
       -1.878467e+09
       -1.912020e+09
       -1.945573e+09
       -1.979127e+09
       -2.012680e+09
       -2.046234e+09
       -2.079787e+09
       -2.113340e+09
       -2.146894e+09
        2.114520e+09
        2.080967e+09
        2.047413e+09
        2.013860e+09
        1.980306e+09
        1.946753e+09
        1.913200e+09
        1.879646e+09
        1.846093e+09
        1.812539e+09
        1.778986e+09
        1.745433e+09
        1.711879e+09
        1.678326e+09
        1.644772e+09
        1.611219e+09
        1.577666e+09
        1.544112e+09
        1.510559e+09
        1.477005e+09
        1.443452e+09
        1.409898e+09
        1.376345e+09
        1.342792e+09
        1.309238e+09
        1.275685e+09
        1.242131e+09
        1.208578e+09
        1.175025e+09
        1.141471e+09
        1.107918e+09
        1.074364e+09
        1.040811e+09
        1.007258e+09
        9.737042e+08
        9.401508e+08
        9.065974e+08
        8.730440e+08
        8.394906e+08
        8.059372e+08
        7.723837e+08
        7.388303e+08
        7.052769e+08
        6.717235e+08
        6.381701e+08
        6.046167e+08
        5.710633e+08
        5.375099e+08
        5.039565e+08
        4.704031e+08
        4.368497e+08
        4.032963e+08
        3.697428e+08
        3.361894e+08
        3.026360e+08
        2.690826e+08
        2.355292e+08
        2.019758e+08
        1.684224e+08
        1.348690e+08
        1.013156e+08
        6.776218e+07
        3.420877e+07
        6.553600e+05
       -3.289805e+07
       -6.645146e+07
       -1.000049e+08
       -1.335583e+08
       -1.671117e+08
       -2.006651e+08
       -2.342185e+08
       -2.677719e+08
       -3.013253e+08
       -3.348787e+08
       -3.684321e+08
       -4.019855e+08
       -4.355389e+08
       -4.690924e+08
       -5.026458e+08
       -5.361992e+08
       -5.697526e+08
       -6.033060e+08
       -6.368594e+08
       -6.704128e+08
       -7.039662e+08
       -7.375196e+08
       -7.710730e+08
       -8.046264e+08
       -8.381798e+08
       -8.717332e+08
       -9.052867e+08
       -9.388401e+08
       -9.723935e+08
       -1.005947e+09
       -1.039500e+09
       -1.073054e+09
       -1.106607e+09
       -1.140161e+09
       -1.173714e+09
       -1.207267e+09
       -1.240821e+09
       -1.274374e+09
       -1.307928e+09
       -1.341481e+09
       -1.375034e+09
       -1.408588e+09
       -1.442141e+09
       -1.475695e+09
       -1.509248e+09
       -1.542801e+09
       -1.576355e+09
       -1.609908e+09
       -1.643462e+09
       -1.677015e+09
       -1.710568e+09
       -1.744122e+09
       -1.777675e+09
       -1.811229e+09
       -1.844782e+09
       -1.878335e+09
       -1.911889e+09
       -1.945442e+09
       -1.978996e+09
       -2.012549e+09
       -2.046103e+09
       -2.079656e+09
       -2.113209e+09
       -2.146763e+09
        2.114651e+09
        2.081098e+09
        2.047544e+09
        2.013991e+09
        1.980438e+09
        1.946884e+09
        1.913331e+09
        1.879777e+09
        1.846224e+09
        1.812670e+09
        1.779117e+09
        1.745564e+09
        1.712010e+09
        1.678457e+09
        1.644903e+09
        1.611350e+09
        1.577797e+09
        1.544243e+09
        1.510690e+09
        1.477136e+09
        1.443583e+09
        1.410030e+09
        1.376476e+09
        1.342923e+09
        1.309369e+09
        1.275816e+09
        1.242263e+09
        1.208709e+09
        1.175156e+09
        1.141602e+09
        1.108049e+09
        1.074495e+09
        1.040942e+09
        1.007389e+09
        9.738353e+08
        9.402819e+08
        9.067284e+08
        8.731750e+08
        8.396216e+08
        8.060682e+08
        7.725148e+08
        7.389614e+08
        7.054080e+08
        6.718546e+08
        6.383012e+08
        6.047478e+08
        5.711944e+08
        5.376410e+08
        5.040876e+08
        4.705341e+08
        4.369807e+08
        4.034273e+08
        3.698739e+08
        3.363205e+08
        3.027671e+08
        2.692137e+08
        2.356603e+08
        2.021069e+08
        1.685535e+08
        1.350001e+08
        1.014467e+08
        6.789325e+07
        3.433984e+07
       -1.006602e+08
       -3.276698e+07
       -6.632038e+07
       -9.987379e+07
       -1.334272e+08
       -1.669806e+08
       -2.005340e+08
       -2.340874e+08
       -2.676408e+08
       -3.011942e+08
       -3.347476e+08
       -3.683011e+08
       -4.018545e+08
       -4.354079e+08
       -4.689613e+08
       -5.025147e+08
       -5.360681e+08
       -5.696215e+08
       -6.031749e+08
       -6.367283e+08
       -6.702817e+08
       -7.038351e+08
       -7.373885e+08
       -7.709420e+08
       -8.044954e+08
       -8.380488e+08
       -8.716022e+08
       -9.051556e+08
       -9.387090e+08
       -9.722624e+08
       -1.005816e+09
       -1.039369e+09
       -1.072923e+09
       -1.106476e+09
       -1.140029e+09
       -1.173583e+09
       -1.207136e+09
       -1.240690e+09
       -1.274243e+09
       -1.307796e+09
       -1.341350e+09
       -1.374903e+09
       -1.408457e+09
       -1.442010e+09
       -1.475564e+09
       -1.509117e+09
       -1.542670e+09
       -1.576224e+09
       -1.609777e+09
       -1.643331e+09
       -1.676884e+09
       -1.710437e+09
       -1.743991e+09
       -1.777544e+09
       -1.811098e+09
       -1.844651e+09
       -1.878204e+09
       -1.911758e+09
       -1.945311e+09
       -1.978865e+09
       -2.012418e+09
       -2.045971e+09
       -2.079525e+09
       -2.113078e+09
       -2.146632e+09
        2.114782e+09
        2.081229e+09
        2.047675e+09
        2.014122e+09
        1.980569e+09
        1.947015e+09
        1.913462e+09
        1.879908e+09
        1.846355e+09
        1.812802e+09
        1.779248e+09
        1.745695e+09
        1.712141e+09
        1.678588e+09
        1.645034e+09
        1.611481e+09
        1.577928e+09
        1.544374e+09
        1.510821e+09
        1.477267e+09
        1.443714e+09
        1.410161e+09
        1.376607e+09
        1.343054e+09
        1.309500e+09
        1.275947e+09
        1.242394e+09
        1.208840e+09
        1.175287e+09
        1.141733e+09
        1.108180e+09
        1.074627e+09
        1.041073e+09
        1.007520e+09
        9.739663e+08
        9.404129e+08
        9.068595e+08
        8.733061e+08
        8.397527e+08
        8.061993e+08
        7.726459e+08
        7.390925e+08
        7.055391e+08
        6.719857e+08
        6.384323e+08
        6.048788e+08
        5.713254e+08
        5.377720e+08
        5.042186e+08
        4.706652e+08
        4.371118e+08
        4.035584e+08
        3.700050e+08
        3.364516e+08
        3.028982e+08
        2.693448e+08
        2.357914e+08
        2.022380e+08
        1.686845e+08
        1.351311e+08
        1.015777e+08
        6.802432e+07
        3.447091e+07
        9.175040e+05
       -3.263590e+07
       -6.618931e+07
       -9.974272e+07
       -1.332961e+08
       -1.668495e+08
       -2.004029e+08
       -2.339564e+08
       -2.675098e+08
       -3.010632e+08
       -3.346166e+08
       -3.681700e+08
       -4.017234e+08
       -4.352768e+08
       -4.688302e+08
       -5.023836e+08
       -5.359370e+08
       -5.694904e+08
       -6.030438e+08
       -6.365972e+08
       -6.701507e+08
       -7.037041e+08
       -7.372575e+08
       -7.708109e+08
       -8.043643e+08
       -8.379177e+08
       -8.714711e+08
       -9.050245e+08
       -9.385779e+08
       -9.721313e+08
       -1.005685e+09
       -1.039238e+09
       -1.072792e+09
       -1.106345e+09
       -1.139898e+09
       -1.173452e+09
       -1.207005e+09
       -1.240559e+09
       -1.274112e+09
       -1.307665e+09
       -1.341219e+09
       -1.374772e+09
       -1.408326e+09
       -1.441879e+09
       -1.475432e+09
       -1.508986e+09
       -1.542539e+09
       -1.576093e+09
       -1.609646e+09
       -1.643199e+09
       -1.676753e+09
       -1.710306e+09
       -1.743860e+09
       -1.777413e+09
       -1.810967e+09
       -1.844520e+09
       -1.878073e+09
       -1.911627e+09
       -1.945180e+09
       -1.978734e+09
       -2.012287e+09
       -2.045840e+09
       -2.079394e+09
       -2.112947e+09
       -2.146501e+09
        2.114913e+09
        2.081360e+09
        2.047806e+09
        2.014253e+09
        1.980700e+09
        1.947146e+09
        1.913593e+09
        1.880039e+09
        1.846486e+09
        1.812933e+09
        1.779379e+09
        1.745826e+09
        1.712272e+09
        1.678719e+09
        1.645166e+09
        1.611612e+09
        1.578059e+09
        1.544505e+09
        1.510952e+09
        1.477399e+09
        1.443845e+09
        1.410292e+09
        1.376738e+09
        1.343185e+09
        1.309631e+09
        1.276078e+09
        1.242525e+09
        1.208971e+09
        1.175418e+09
        1.141864e+09
        1.108311e+09
        1.074758e+09
        1.041204e+09
        1.007651e+09
        9.740974e+08
        9.405440e+08
        9.069906e+08
        8.734372e+08
        8.398838e+08
        8.063304e+08
        7.727770e+08
        7.392236e+08
        7.056701e+08
        6.721167e+08
        6.385633e+08
        6.050099e+08
        5.714565e+08
        5.379031e+08
        5.043497e+08
        4.707963e+08
        4.372429e+08
        4.036895e+08
        3.701361e+08
        3.365827e+08
        3.030292e+08
        2.694758e+08
        2.359224e+08
        2.023690e+08
        1.688156e+08
        1.352622e+08
        1.017088e+08
        6.815539e+07
        3.460198e+07
       -1.342136e+08
       -3.250483e+07
       -6.605824e+07
       -9.961165e+07
       -1.331651e+08
       -1.667185e+08
       -2.002719e+08
       -2.338253e+08
       -2.673787e+08
       -3.009321e+08
       -3.344855e+08
       -3.680389e+08
       -4.015923e+08
       -4.351457e+08
       -4.686991e+08
       -5.022525e+08
       -5.358060e+08
       -5.693594e+08
       -6.029128e+08
       -6.364662e+08
       -6.700196e+08
       -7.035730e+08
       -7.371264e+08
       -7.706798e+08
       -8.042332e+08
       -8.377866e+08
       -8.713400e+08
       -9.048934e+08
       -9.384468e+08
       -9.720003e+08
       -1.005554e+09
       -1.039107e+09
       -1.072660e+09
       -1.106214e+09
       -1.139767e+09
       -1.173321e+09
       -1.206874e+09
       -1.240428e+09
       -1.273981e+09
       -1.307534e+09
       -1.341088e+09
       -1.374641e+09
       -1.408195e+09
       -1.441748e+09
       -1.475301e+09
       -1.508855e+09
       -1.542408e+09
       -1.575962e+09
       -1.609515e+09
       -1.643068e+09
       -1.676622e+09
       -1.710175e+09
       -1.743729e+09
       -1.777282e+09
       -1.810835e+09
       -1.844389e+09
       -1.877942e+09
       -1.911496e+09
       -1.945049e+09
       -1.978602e+09
       -2.012156e+09
       -2.045709e+09
       -2.079263e+09
       -2.112816e+09
       -2.146370e+09
        2.115044e+09
        2.081491e+09
        2.047938e+09
        2.014384e+09
        1.980831e+09
        1.947277e+09
        1.913724e+09
        1.880170e+09
        1.846617e+09
        1.813064e+09
        1.779510e+09
        1.745957e+09
        1.712403e+09
        1.678850e+09
        1.645297e+09
        1.611743e+09
        1.578190e+09
        1.544636e+09
        1.511083e+09
        1.477530e+09
        1.443976e+09
        1.410423e+09
        1.376869e+09
        1.343316e+09
        1.309763e+09
        1.276209e+09
        1.242656e+09
        1.209102e+09
        1.175549e+09
        1.141996e+09
        1.108442e+09
        1.074889e+09
        1.041335e+09
        1.007782e+09
        9.742285e+08
        9.406751e+08
        9.071217e+08
        8.735683e+08
        8.400148e+08
        8.064614e+08
        7.729080e+08
        7.393546e+08
        7.058012e+08
        6.722478e+08
        6.386944e+08
        6.051410e+08
        5.715876e+08
        5.380342e+08
        5.044808e+08
        4.709274e+08
        4.373740e+08
        4.038205e+08
        3.702671e+08
        3.367137e+08
        3.031603e+08
        2.696069e+08
        2.360535e+08
        2.025001e+08
        1.689467e+08
        1.353933e+08
        1.018399e+08
        6.828646e+07
        3.473306e+07
        1.179648e+06
       -3.237376e+07
       -6.592717e+07
       -9.948058e+07
       -1.330340e+08
       -1.665874e+08
       -2.001408e+08
       -2.336942e+08
       -2.672476e+08
       -3.008010e+08
       -3.343544e+08
       -3.679078e+08
       -4.014612e+08
       -4.350147e+08
       -4.685681e+08
       -5.021215e+08
       -5.356749e+08
       -5.692283e+08
       -6.027817e+08
       -6.363351e+08
       -6.698885e+08
       -7.034419e+08
       -7.369953e+08
       -7.705487e+08
       -8.041021e+08
       -8.376556e+08
       -8.712090e+08
       -9.047624e+08
       -9.383158e+08
       -9.718692e+08
       -1.005423e+09
       -1.038976e+09
       -1.072529e+09
       -1.106083e+09
       -1.139636e+09
       -1.173190e+09
       -1.206743e+09
       -1.240296e+09
       -1.273850e+09
       -1.307403e+09
       -1.340957e+09
       -1.374510e+09
       -1.408063e+09
       -1.441617e+09
       -1.475170e+09
       -1.508724e+09
       -1.542277e+09
       -1.575831e+09
       -1.609384e+09
       -1.642937e+09
       -1.676491e+09
       -1.710044e+09
       -1.743598e+09
       -1.777151e+09
       -1.810704e+09
       -1.844258e+09
       -1.877811e+09
       -1.911365e+09
       -1.944918e+09
       -1.978471e+09
       -2.012025e+09
       -2.045578e+09
       -2.079132e+09
       -2.112685e+09
       -2.146238e+09
        2.115175e+09
        2.081622e+09
        2.048069e+09
        2.014515e+09
        1.980962e+09
        1.947408e+09
        1.913855e+09
        1.880302e+09
        1.846748e+09
        1.813195e+09
        1.779641e+09
        1.746088e+09
        1.712535e+09
        1.678981e+09
        1.645428e+09
        1.611874e+09
        1.578321e+09
        1.544767e+09
        1.511214e+09
        1.477661e+09
        1.444107e+09
        1.410554e+09
        1.377000e+09
        1.343447e+09
        1.309894e+09
        1.276340e+09
        1.242787e+09
        1.209233e+09
        1.175680e+09
        1.142127e+09
        1.108573e+09
        1.075020e+09
        1.041466e+09
        1.007913e+09
        9.743596e+08
        9.408061e+08
        9.072527e+08
        8.736993e+08
        8.401459e+08
        8.065925e+08
        7.730391e+08
        7.394857e+08
        7.059323e+08
        6.723789e+08
        6.388255e+08
        6.052721e+08
        5.717187e+08
        5.381652e+08
        5.046118e+08
        4.710584e+08
        4.375050e+08
        4.039516e+08
        3.703982e+08
        3.368448e+08
        3.032914e+08
        2.697380e+08
        2.361846e+08
        2.026312e+08
        1.690778e+08
        1.355244e+08
        1.019709e+08
        6.841754e+07
        3.486413e+07
       -1.677670e+08
       -3.224269e+07
       -6.579610e+07
       -9.934950e+07
       -1.329029e+08
       -1.664563e+08
       -2.000097e+08
       -2.335631e+08
       -2.671165e+08
       -3.006700e+08
       -3.342234e+08
       -3.677768e+08
       -4.013302e+08
       -4.348836e+08
       -4.684370e+08
       -5.019904e+08
       -5.355438e+08
       -5.690972e+08
       -6.026506e+08
       -6.362040e+08
       -6.697574e+08
       -7.033108e+08
       -7.368643e+08
       -7.704177e+08
       -8.039711e+08
       -8.375245e+08
       -8.710779e+08
       -9.046313e+08
       -9.381847e+08
       -9.717381e+08
       -1.005292e+09
       -1.038845e+09
       -1.072398e+09
       -1.105952e+09
       -1.139505e+09
       -1.173059e+09
       -1.206612e+09
       -1.240165e+09
       -1.273719e+09
       -1.307272e+09
       -1.340826e+09
       -1.374379e+09
       -1.407932e+09
       -1.441486e+09
       -1.475039e+09
       -1.508593e+09
       -1.542146e+09
       -1.575699e+09
       -1.609253e+09
       -1.642806e+09
       -1.676360e+09
       -1.709913e+09
       -1.743466e+09
       -1.777020e+09
       -1.810573e+09
       -1.844127e+09
       -1.877680e+09
       -1.911234e+09
       -1.944787e+09
       -1.978340e+09
       -2.011894e+09
       -2.045447e+09
       -2.079001e+09
       -2.112554e+09
       -2.146107e+09
        2.115306e+09
        2.081753e+09
        2.048200e+09
        2.014646e+09
        1.981093e+09
        1.947539e+09
        1.913986e+09
        1.880433e+09
        1.846879e+09
        1.813326e+09
        1.779772e+09
        1.746219e+09
        1.712666e+09
        1.679112e+09
        1.645559e+09
        1.612005e+09
        1.578452e+09
        1.544899e+09
        1.511345e+09
        1.477792e+09
        1.444238e+09
        1.410685e+09
        1.377132e+09
        1.343578e+09
        1.310025e+09
        1.276471e+09
        1.242918e+09
        1.209364e+09
        1.175811e+09
        1.142258e+09
        1.108704e+09
        1.075151e+09
        1.041597e+09
        1.008044e+09
        9.744906e+08
        9.409372e+08
        9.073838e+08
        8.738304e+08
        8.402770e+08
        8.067236e+08
        7.731702e+08
        7.396168e+08
        7.060634e+08
        6.725100e+08
        6.389565e+08
        6.054031e+08
        5.718497e+08
        5.382963e+08
        5.047429e+08
        4.711895e+08
        4.376361e+08
        4.040827e+08
        3.705293e+08
        3.369759e+08
        3.034225e+08
        2.698691e+08
        2.363156e+08
        2.027622e+08
        1.692088e+08
        1.356554e+08
        1.021020e+08
        6.854861e+07
        3.499520e+07
        1.441792e+06
       -3.211162e+07
       -6.566502e+07
       -9.921843e+07
       -1.327718e+08
       -1.663252e+08
       -1.998787e+08
       -2.334321e+08
       -2.669855e+08
       -3.005389e+08
       -3.340923e+08
       -3.676457e+08
       -4.011991e+08
       -4.347525e+08
       -4.683059e+08
       -5.018593e+08
       -5.354127e+08
       -5.689661e+08
       -6.025196e+08
       -6.360730e+08
       -6.696264e+08
       -7.031798e+08
       -7.367332e+08
       -7.702866e+08
       -8.038400e+08
       -8.373934e+08
       -8.709468e+08
       -9.045002e+08
       -9.380536e+08
       -9.716070e+08
       -1.005160e+09
       -1.038714e+09
       -1.072267e+09
       -1.105821e+09
       -1.139374e+09
       -1.172927e+09
       -1.206481e+09
       -1.240034e+09
       -1.273588e+09
       -1.307141e+09
       -1.340695e+09
       -1.374248e+09
       -1.407801e+09
       -1.441355e+09
       -1.474908e+09
       -1.508462e+09
       -1.542015e+09
       -1.575568e+09
       -1.609122e+09
       -1.642675e+09
       -1.676229e+09
       -1.709782e+09
       -1.743335e+09
       -1.776889e+09
       -1.810442e+09
       -1.843996e+09
       -1.877549e+09
       -1.911102e+09
       -1.944656e+09
       -1.978209e+09
       -2.011763e+09
       -2.045316e+09
       -2.078870e+09
       -2.112423e+09
       -2.145976e+09
        2.115438e+09
        2.081884e+09
        2.048331e+09
        2.014777e+09
        1.981224e+09
        1.947671e+09
        1.914117e+09
        1.880564e+09
        1.847010e+09
        1.813457e+09
        1.779903e+09
        1.746350e+09
        1.712797e+09
        1.679243e+09
        1.645690e+09
        1.612136e+09
        1.578583e+09
        1.545030e+09
        1.511476e+09
        1.477923e+09
        1.444369e+09
        1.410816e+09
        1.377263e+09
        1.343709e+09
        1.310156e+09
        1.276602e+09
        1.243049e+09
        1.209496e+09
        1.175942e+09
        1.142389e+09
        1.108835e+09
        1.075282e+09
        1.041729e+09
        1.008175e+09
        9.746217e+08
        9.410683e+08
        9.075149e+08
        8.739615e+08
        8.404081e+08
        8.068547e+08
        7.733012e+08
        7.397478e+08
        7.061944e+08
        6.726410e+08
        6.390876e+08
        6.055342e+08
        5.719808e+08
        5.384274e+08
        5.048740e+08
        4.713206e+08
        4.377672e+08
        4.042138e+08
        3.706604e+08
        3.371069e+08
        3.035535e+08
        2.700001e+08
        2.364467e+08
        2.028933e+08
        1.693399e+08
        1.357865e+08
        1.022331e+08
        6.867968e+07
        3.512627e+07
       -2.013204e+08
       -3.198054e+07
       -6.553395e+07
       -9.908736e+07
       -1.326408e+08
       -1.661942e+08
       -1.997476e+08
       -2.333010e+08
       -2.668544e+08
       -3.004078e+08
       -3.339612e+08
       -3.675146e+08
       -4.010680e+08
       -4.346214e+08
       -4.681748e+08
       -5.017283e+08
       -5.352817e+08
       -5.688351e+08
       -6.023885e+08
       -6.359419e+08
       -6.694953e+08
       -7.030487e+08
       -7.366021e+08
       -7.701555e+08
       -8.037089e+08
       -8.372623e+08
       -8.708157e+08
       -9.043692e+08
       -9.379226e+08
       -9.714760e+08
       -1.005029e+09
       -1.038583e+09
       -1.072136e+09
       -1.105690e+09
       -1.139243e+09
       -1.172796e+09
       -1.206350e+09
       -1.239903e+09
       -1.273457e+09
       -1.307010e+09
       -1.340563e+09
       -1.374117e+09
       -1.407670e+09
       -1.441224e+09
       -1.474777e+09
       -1.508330e+09
       -1.541884e+09
       -1.575437e+09
       -1.608991e+09
       -1.642544e+09
       -1.676098e+09
       -1.709651e+09
       -1.743204e+09
       -1.776758e+09
       -1.810311e+09
       -1.843865e+09
       -1.877418e+09
       -1.910971e+09
       -1.944525e+09
       -1.978078e+09
       -2.011632e+09
       -2.045185e+09
       -2.078738e+09
       -2.112292e+09
       -2.145845e+09
        2.115569e+09
        2.082015e+09
        2.048462e+09
        2.014908e+09
        1.981355e+09
        1.947802e+09
        1.914248e+09
        1.880695e+09
        1.847141e+09
        1.813588e+09
        1.780035e+09
        1.746481e+09
        1.712928e+09
        1.679374e+09
        1.645821e+09
        1.612268e+09
        1.578714e+09
        1.545161e+09
        1.511607e+09
        1.478054e+09
        1.444500e+09
        1.410947e+09
        1.377394e+09
        1.343840e+09
        1.310287e+09
        1.276733e+09
        1.243180e+09
        1.209627e+09
        1.176073e+09
        1.142520e+09
        1.108966e+09
        1.075413e+09
        1.041860e+09
        1.008306e+09
        9.747528e+08
        9.411994e+08
        9.076460e+08
        8.740925e+08
        8.405391e+08
        8.069857e+08
        7.734323e+08
        7.398789e+08
        7.063255e+08
        6.727721e+08
        6.392187e+08
        6.056653e+08
        5.721119e+08
        5.385585e+08
        5.050051e+08
        4.714516e+08
        4.378982e+08
        4.043448e+08
        3.707914e+08
        3.372380e+08
        3.036846e+08
        2.701312e+08
        2.365778e+08
        2.030244e+08
        1.694710e+08
        1.359176e+08
        1.023642e+08
        6.881075e+07
        3.525734e+07
        1.703936e+06
       -3.184947e+07
       -6.540288e+07
       -9.895629e+07
       -1.325097e+08
       -1.660631e+08
       -1.996165e+08
       -2.331699e+08
       -2.667233e+08
       -3.002767e+08
       -3.338301e+08
       -3.673836e+08
       -4.009370e+08
       -4.344904e+08
       -4.680438e+08
       -5.015972e+08
       -5.351506e+08
       -5.687040e+08
       -6.022574e+08
       -6.358108e+08
       -6.693642e+08
       -7.029176e+08
       -7.364710e+08
       -7.700244e+08
       -8.035779e+08
       -8.371313e+08
       -8.706847e+08
       -9.042381e+08
       -9.377915e+08
       -9.713449e+08
       -1.004898e+09
       -1.038452e+09
       -1.072005e+09
       -1.105559e+09
       -1.139112e+09
       -1.172665e+09
       -1.206219e+09
       -1.239772e+09
       -1.273326e+09
       -1.306879e+09
       -1.340432e+09
       -1.373986e+09
       -1.407539e+09
       -1.441093e+09
       -1.474646e+09
       -1.508199e+09
       -1.541753e+09
       -1.575306e+09
       -1.608860e+09
       -1.642413e+09
       -1.675966e+09
       -1.709520e+09
       -1.743073e+09
       -1.776627e+09
       -1.810180e+09
       -1.843734e+09
       -1.877287e+09
       -1.910840e+09
       -1.944394e+09
       -1.977947e+09
       -2.011501e+09
       -2.045054e+09
       -2.078607e+09
       -2.112161e+09
       -2.145714e+09
        2.115700e+09
        2.082146e+09
        2.048593e+09
        2.015039e+09
        1.981486e+09
        1.947933e+09
        1.914379e+09
        1.880826e+09
        1.847272e+09
        1.813719e+09
        1.780166e+09
        1.746612e+09
        1.713059e+09
        1.679505e+09
        1.645952e+09
        1.612399e+09
        1.578845e+09
        1.545292e+09
        1.511738e+09
        1.478185e+09
        1.444632e+09
        1.411078e+09
        1.377525e+09
        1.343971e+09
        1.310418e+09
        1.276865e+09
        1.243311e+09
        1.209758e+09
        1.176204e+09
        1.142651e+09
        1.109097e+09
        1.075544e+09
        1.041991e+09
        1.008437e+09
        9.748838e+08
        9.413304e+08
        9.077770e+08
        8.742236e+08
        8.406702e+08
        8.071168e+08
        7.735634e+08
        7.400100e+08
        7.064566e+08
        6.729032e+08
        6.393498e+08
        6.057964e+08
        5.722429e+08
        5.386895e+08
        5.051361e+08
        4.715827e+08
        4.380293e+08
        4.044759e+08
        3.709225e+08
        3.373691e+08
        3.038157e+08
        2.702623e+08
        2.367089e+08
        2.031555e+08
        1.696020e+08
        1.360486e+08
        1.024952e+08
        6.894182e+07
        3.538842e+07
       -2.348739e+08
       -3.171840e+07
       -6.527181e+07
       -9.882522e+07
       -1.323786e+08
       -1.659320e+08
       -1.994854e+08
       -2.330388e+08
       -2.665923e+08
       -3.001457e+08
       -3.336991e+08
       -3.672525e+08
       -4.008059e+08
       -4.343593e+08
       -4.679127e+08
       -5.014661e+08
       -5.350195e+08
       -5.685729e+08
       -6.021263e+08
       -6.356797e+08
       -6.692332e+08
       -7.027866e+08
       -7.363400e+08
       -7.698934e+08
       -8.034468e+08
       -8.370002e+08
       -8.705536e+08
       -9.041070e+08
       -9.376604e+08
       -9.712138e+08
       -1.004767e+09
       -1.038321e+09
       -1.071874e+09
       -1.105427e+09
       -1.138981e+09
       -1.172534e+09
       -1.206088e+09
       -1.239641e+09
       -1.273194e+09
       -1.306748e+09
       -1.340301e+09
       -1.373855e+09
       -1.407408e+09
       -1.440962e+09
       -1.474515e+09
       -1.508068e+09
       -1.541622e+09
       -1.575175e+09
       -1.608729e+09
       -1.642282e+09
       -1.675835e+09
       -1.709389e+09
       -1.742942e+09
       -1.776496e+09
       -1.810049e+09
       -1.843602e+09
       -1.877156e+09
       -1.910709e+09
       -1.944263e+09
       -1.977816e+09
       -2.011369e+09
       -2.044923e+09
       -2.078476e+09
       -2.112030e+09
       -2.145583e+09
        2.115831e+09
        2.082277e+09
        2.048724e+09
        2.015171e+09
        1.981617e+09
        1.948064e+09
        1.914510e+09
        1.880957e+09
        1.847404e+09
        1.813850e+09
        1.780297e+09
        1.746743e+09
        1.713190e+09
        1.679636e+09
        1.646083e+09
        1.612530e+09
        1.578976e+09
        1.545423e+09
        1.511869e+09
        1.478316e+09
        1.444763e+09
        1.411209e+09
        1.377656e+09
        1.344102e+09
        1.310549e+09
        1.276996e+09
        1.243442e+09
        1.209889e+09
        1.176335e+09
        1.142782e+09
        1.109229e+09
        1.075675e+09
        1.042122e+09
        1.008568e+09
        9.750149e+08
        9.414615e+08
        9.079081e+08
        8.743547e+08
        8.408013e+08
        8.072479e+08
        7.736945e+08
        7.401411e+08
        7.065876e+08
        6.730342e+08
        6.394808e+08
        6.059274e+08
        5.723740e+08
        5.388206e+08
        5.052672e+08
        4.717138e+08
        4.381604e+08
        4.046070e+08
        3.710536e+08
        3.375002e+08
        3.039468e+08
        2.703933e+08
        2.368399e+08
        2.032865e+08
        1.697331e+08
        1.361797e+08
        1.026263e+08
        6.907290e+07
        3.551949e+07
        1.966080e+06
       -3.158733e+07
       -6.514074e+07
       -9.869414e+07
       -1.322476e+08
       -1.658010e+08
       -1.993544e+08
       -2.329078e+08
       -2.664612e+08
       -3.000146e+08
       -3.335680e+08
       -3.671214e+08
       -4.006748e+08
       -4.342282e+08
       -4.677816e+08
       -5.013350e+08
       -5.348884e+08
       -5.684419e+08
       -6.019953e+08
       -6.355487e+08
       -6.691021e+08
       -7.026555e+08
       -7.362089e+08
       -7.697623e+08
       -8.033157e+08
       -8.368691e+08
       -8.704225e+08
       -9.039759e+08
       -9.375293e+08
       -9.710828e+08
       -1.004636e+09
       -1.038190e+09
       -1.071743e+09
       -1.105296e+09
       -1.138850e+09
       -1.172403e+09
       -1.205957e+09
       -1.239510e+09
       -1.273063e+09
       -1.306617e+09
       -1.340170e+09
       -1.373724e+09
       -1.407277e+09
       -1.440830e+09
       -1.474384e+09
       -1.507937e+09
       -1.541491e+09
       -1.575044e+09
       -1.608598e+09
       -1.642151e+09
       -1.675704e+09
       -1.709258e+09
       -1.742811e+09
       -1.776365e+09
       -1.809918e+09
       -1.843471e+09
       -1.877025e+09
       -1.910578e+09
       -1.944132e+09
       -1.977685e+09
       -2.011238e+09
       -2.044792e+09
       -2.078345e+09
       -2.111899e+09
       -2.145452e+09
        2.115962e+09
        2.082408e+09
        2.048855e+09
        2.015302e+09
        1.981748e+09
        1.948195e+09
        1.914641e+09
        1.881088e+09
        1.847535e+09
        1.813981e+09
        1.780428e+09
        1.746874e+09
        1.713321e+09
        1.679768e+09
        1.646214e+09
        1.612661e+09
        1.579107e+09
        1.545554e+09
        1.512001e+09
        1.478447e+09
        1.444894e+09
        1.411340e+09
        1.377787e+09
        1.344233e+09
        1.310680e+09
        1.277127e+09
        1.243573e+09
        1.210020e+09
        1.176466e+09
        1.142913e+09
        1.109360e+09
        1.075806e+09
        1.042253e+09
        1.008699e+09
        9.751460e+08
        9.415926e+08
        9.080392e+08
        8.744858e+08
        8.409324e+08
        8.073789e+08
        7.738255e+08
        7.402721e+08
        7.067187e+08
        6.731653e+08
        6.396119e+08
        6.060585e+08
        5.725051e+08
        5.389517e+08
        5.053983e+08
        4.718449e+08
        4.382915e+08
        4.047380e+08
        3.711846e+08
        3.376312e+08
        3.040778e+08
        2.705244e+08
        2.369710e+08
        2.034176e+08
        1.698642e+08
        1.363108e+08
        1.027574e+08
        6.920397e+07
        3.565056e+07
       -2.684273e+08
       -3.145626e+07
       -6.500966e+07
       -9.856307e+07
       -1.321165e+08
       -1.656699e+08
       -1.992233e+08
       -2.327767e+08
       -2.663301e+08
       -2.998835e+08
       -3.334369e+08
       -3.669903e+08
       -4.005437e+08
       -4.340972e+08
       -4.676506e+08
       -5.012040e+08
       -5.347574e+08
       -5.683108e+08
       -6.018642e+08
       -6.354176e+08
       -6.689710e+08
       -7.025244e+08
       -7.360778e+08
       -7.696312e+08
       -8.031846e+08
       -8.367380e+08
       -8.702915e+08
       -9.038449e+08
       -9.373983e+08
       -9.709517e+08
       -1.004505e+09
       -1.038058e+09
       -1.071612e+09
       -1.105165e+09
       -1.138719e+09
       -1.172272e+09
       -1.205826e+09
       -1.239379e+09
       -1.272932e+09
       -1.306486e+09
       -1.340039e+09
       -1.373593e+09
       -1.407146e+09
       -1.440699e+09
       -1.474253e+09
       -1.507806e+09
       -1.541360e+09
       -1.574913e+09
       -1.608466e+09
       -1.642020e+09
       -1.675573e+09
       -1.709127e+09
       -1.742680e+09
       -1.776233e+09
       -1.809787e+09
       -1.843340e+09
       -1.876894e+09
       -1.910447e+09
       -1.944001e+09
       -1.977554e+09
       -2.011107e+09
       -2.044661e+09
       -2.078214e+09
       -2.111768e+09
       -2.145321e+09
        2.116093e+09
        2.082540e+09
        2.048986e+09
        2.015433e+09
        1.981879e+09
        1.948326e+09
        1.914772e+09
        1.881219e+09
        1.847666e+09
        1.814112e+09
        1.780559e+09
        1.747005e+09
        1.713452e+09
        1.679899e+09
        1.646345e+09
        1.612792e+09
        1.579238e+09
        1.545685e+09
        1.512132e+09
        1.478578e+09
        1.445025e+09
        1.411471e+09
        1.377918e+09
        1.344365e+09
        1.310811e+09
        1.277258e+09
        1.243704e+09
        1.210151e+09
        1.176598e+09
        1.143044e+09
        1.109491e+09
        1.075937e+09
        1.042384e+09
        1.008830e+09
        9.752771e+08
        9.417236e+08
        9.081702e+08
        8.746168e+08
        8.410634e+08
        8.075100e+08
        7.739566e+08
        7.404032e+08
        7.068498e+08
        6.732964e+08
        6.397430e+08
        6.061896e+08
        5.726362e+08
        5.390828e+08
        5.055293e+08
        4.719759e+08
        4.384225e+08
        4.048691e+08
        3.713157e+08
        3.377623e+08
        3.042089e+08
        2.706555e+08
        2.371021e+08
        2.035487e+08
        1.699953e+08
        1.364419e+08
        1.028884e+08
        6.933504e+07
        3.578163e+07
        2.228224e+06
       -3.132518e+07
       -6.487859e+07
       -9.843200e+07
       -1.319854e+08
       -1.655388e+08
       -1.990922e+08
       -2.326456e+08
       -2.661990e+08
       -2.997524e+08
       -3.333059e+08
       -3.668593e+08
       -4.004127e+08
       -4.339661e+08
       -4.675195e+08
       -5.010729e+08
       -5.346263e+08
       -5.681797e+08
       -6.017331e+08
       -6.352865e+08
       -6.688399e+08
       -7.023933e+08
       -7.359468e+08
       -7.695002e+08
       -8.030536e+08
       -8.366070e+08
       -8.701604e+08
       -9.037138e+08
       -9.372672e+08
       -9.708206e+08
       -1.004374e+09
       -1.037927e+09
       -1.071481e+09
       -1.105034e+09
       -1.138588e+09
       -1.172141e+09
       -1.205694e+09
       -1.239248e+09
       -1.272801e+09
       -1.306355e+09
       -1.339908e+09
       -1.373462e+09
       -1.407015e+09
       -1.440568e+09
       -1.474122e+09
       -1.507675e+09
       -1.541229e+09
       -1.574782e+09
       -1.608335e+09
       -1.641889e+09
       -1.675442e+09
       -1.708996e+09
       -1.742549e+09
       -1.776102e+09
       -1.809656e+09
       -1.843209e+09
       -1.876763e+09
       -1.910316e+09
       -1.943869e+09
       -1.977423e+09
       -2.010976e+09
       -2.044530e+09
       -2.078083e+09
       -2.111636e+09
       -2.145190e+09
        2.116224e+09
        2.082671e+09
        2.049117e+09
        2.015564e+09
        1.982010e+09
        1.948457e+09
        1.914904e+09
        1.881350e+09
        1.847797e+09
        1.814243e+09
        1.780690e+09
        1.747137e+09
        1.713583e+09
        1.680030e+09
        1.646476e+09
        1.612923e+09
        1.579369e+09
        1.545816e+09
        1.512263e+09
        1.478709e+09
        1.445156e+09
        1.411602e+09
        1.378049e+09
        1.344496e+09
        1.310942e+09
        1.277389e+09
        1.243835e+09
        1.210282e+09
        1.176729e+09
        1.143175e+09
        1.109622e+09
        1.076068e+09
        1.042515e+09
        1.008962e+09
        9.754081e+08
        9.418547e+08
        9.083013e+08
        8.747479e+08
        8.411945e+08
        8.076411e+08
        7.740877e+08
        7.405343e+08
        7.069809e+08
        6.734275e+08
        6.398740e+08
        6.063206e+08
        5.727672e+08
        5.392138e+08
        5.056604e+08
        4.721070e+08
        4.385536e+08
        4.050002e+08
        3.714468e+08
        3.378934e+08
        3.043400e+08
        2.707866e+08
        2.372332e+08
        2.036797e+08
        1.701263e+08
        1.365729e+08
        1.030195e+08
        6.946611e+07
        3.591270e+07
       -3.019807e+08
       -3.119411e+07
       -6.474752e+07
       -9.830093e+07
       -1.318543e+08
       -1.654077e+08
       -1.989612e+08
       -2.325146e+08
       -2.660680e+08
       -2.996214e+08
       -3.331748e+08
       -3.667282e+08
       -4.002816e+08
       -4.338350e+08
       -4.673884e+08
       -5.009418e+08
       -5.344952e+08
       -5.680486e+08
       -6.016020e+08
       -6.351555e+08
       -6.687089e+08
       -7.022623e+08
       -7.358157e+08
       -7.693691e+08
       -8.029225e+08
       -8.364759e+08
       -8.700293e+08
       -9.035827e+08
       -9.371361e+08
       -9.706895e+08
       -1.004243e+09
       -1.037796e+09
       -1.071350e+09
       -1.104903e+09
       -1.138457e+09
       -1.172010e+09
       -1.205563e+09
       -1.239117e+09
       -1.272670e+09
       -1.306224e+09
       -1.339777e+09
       -1.373330e+09
       -1.406884e+09
       -1.440437e+09
       -1.473991e+09
       -1.507544e+09
       -1.541097e+09
       -1.574651e+09
       -1.608204e+09
       -1.641758e+09
       -1.675311e+09
       -1.708865e+09
       -1.742418e+09
       -1.775971e+09
       -1.809525e+09
       -1.843078e+09
       -1.876632e+09
       -1.910185e+09
       -1.943738e+09
       -1.977292e+09
       -2.010845e+09
       -2.044399e+09
       -2.077952e+09
       -2.111505e+09
       -2.145059e+09
        2.116355e+09
        2.082802e+09
        2.049248e+09
        2.015695e+09
        1.982141e+09
        1.948588e+09
        1.915035e+09
        1.881481e+09
        1.847928e+09
        1.814374e+09
        1.780821e+09
        1.747268e+09
        1.713714e+09
        1.680161e+09
        1.646607e+09
        1.613054e+09
        1.579501e+09
        1.545947e+09
        1.512394e+09
        1.478840e+09
        1.445287e+09
        1.411734e+09
        1.378180e+09
        1.344627e+09
        1.311073e+09
        1.277520e+09
        1.243966e+09
        1.210413e+09
        1.176860e+09
        1.143306e+09
        1.109753e+09
        1.076199e+09
        1.042646e+09
        1.009093e+09
        9.755392e+08
        9.419858e+08
        9.084324e+08
        8.748790e+08
        8.413256e+08
        8.077722e+08
        7.742188e+08
        7.406653e+08
        7.071119e+08
        6.735585e+08
        6.400051e+08
        6.064517e+08
        5.728983e+08
        5.393449e+08
        5.057915e+08
        4.722381e+08
        4.386847e+08
        4.051313e+08
        3.715779e+08
        3.380244e+08
        3.044710e+08
        2.709176e+08
        2.373642e+08
        2.038108e+08
        1.702574e+08
        1.367040e+08
        1.031506e+08
        6.959718e+07
        3.604378e+07
        2.490368e+06
       -3.106304e+07
       -6.461645e+07
       -9.816986e+07
       -1.317233e+08
       -1.652767e+08
       -1.988301e+08
       -2.323835e+08
       -2.659369e+08
       -2.994903e+08
       -3.330437e+08
       -3.665971e+08
       -4.001505e+08
       -4.337039e+08
       -4.672573e+08
       -5.008108e+08
       -5.343642e+08
       -5.679176e+08
       -6.014710e+08
       -6.350244e+08
       -6.685778e+08
       -7.021312e+08
       -7.356846e+08
       -7.692380e+08
       -8.027914e+08
       -8.363448e+08
       -8.698982e+08
       -9.034516e+08
       -9.370051e+08
       -9.705585e+08
       -1.004112e+09
       -1.037665e+09
       -1.071219e+09
       -1.104772e+09
       -1.138326e+09
       -1.171879e+09
       -1.205432e+09
       -1.238986e+09
       -1.272539e+09
       -1.306093e+09
       -1.339646e+09
       -1.373199e+09
       -1.406753e+09
       -1.440306e+09
       -1.473860e+09
       -1.507413e+09
       -1.540966e+09
       -1.574520e+09
       -1.608073e+09
       -1.641627e+09
       -1.675180e+09
       -1.708733e+09
       -1.742287e+09
       -1.775840e+09
       -1.809394e+09
       -1.842947e+09
       -1.876500e+09
       -1.910054e+09
       -1.943607e+09
       -1.977161e+09
       -2.010714e+09
       -2.044268e+09
       -2.077821e+09
       -2.111374e+09
       -2.144928e+09
        2.116486e+09
        2.082933e+09
        2.049379e+09
        2.015826e+09
        1.982273e+09
        1.948719e+09
        1.915166e+09
        1.881612e+09
        1.848059e+09
        1.814505e+09
        1.780952e+09
        1.747399e+09
        1.713845e+09
        1.680292e+09
        1.646738e+09
        1.613185e+09
        1.579632e+09
        1.546078e+09
        1.512525e+09
        1.478971e+09
        1.445418e+09
        1.411865e+09
        1.378311e+09
        1.344758e+09
        1.311204e+09
        1.277651e+09
        1.244098e+09
        1.210544e+09
        1.176991e+09
        1.143437e+09
        1.109884e+09
        1.076330e+09
        1.042777e+09
        1.009224e+09
        9.756703e+08
        9.421169e+08
        9.085635e+08
        8.750100e+08
        8.414566e+08
        8.079032e+08
        7.743498e+08
        7.407964e+08
        7.072430e+08
        6.736896e+08
        6.401362e+08
        6.065828e+08
        5.730294e+08
        5.394760e+08
        5.059226e+08
        4.723692e+08
        4.388157e+08
        4.052623e+08
        3.717089e+08
        3.381555e+08
        3.046021e+08
        2.710487e+08
        2.374953e+08
        2.039419e+08
        1.703885e+08
        1.368351e+08
        1.032817e+08
        6.972826e+07
        3.617485e+07
       -3.355341e+08
       -3.093197e+07
       -6.448538e+07
       -9.803878e+07
       -1.315922e+08
       -1.651456e+08
       -1.986990e+08
       -2.322524e+08
       -2.658058e+08
       -2.993592e+08
       -3.329126e+08
       -3.664660e+08
       -4.000195e+08
       -4.335729e+08
       -4.671263e+08
       -5.006797e+08
       -5.342331e+08
       -5.677865e+08
       -6.013399e+08
       -6.348933e+08
       -6.684467e+08
       -7.020001e+08
       -7.355535e+08
       -7.691069e+08
       -8.026604e+08
       -8.362138e+08
       -8.697672e+08
       -9.033206e+08
       -9.368740e+08
       -9.704274e+08
       -1.003981e+09
       -1.037534e+09
       -1.071088e+09
       -1.104641e+09
       -1.138194e+09
       -1.171748e+09
       -1.205301e+09
       -1.238855e+09
       -1.272408e+09
       -1.305961e+09
       -1.339515e+09
       -1.373068e+09
       -1.406622e+09
       -1.440175e+09
       -1.473729e+09
       -1.507282e+09
       -1.540835e+09
       -1.574389e+09
       -1.607942e+09
       -1.641496e+09
       -1.675049e+09
       -1.708602e+09
       -1.742156e+09
       -1.775709e+09
       -1.809263e+09
       -1.842816e+09
       -1.876369e+09
       -1.909923e+09
       -1.943476e+09
       -1.977030e+09
       -2.010583e+09
       -2.044136e+09
       -2.077690e+09
       -2.111243e+09
       -2.144797e+09
        2.116617e+09
        2.083064e+09
        2.049510e+09
        2.015957e+09
        1.982404e+09
        1.948850e+09
        1.915297e+09
        1.881743e+09
        1.848190e+09
        1.814637e+09
        1.781083e+09
        1.747530e+09
        1.713976e+09
        1.680423e+09
        1.646870e+09
        1.613316e+09
        1.579763e+09
        1.546209e+09
        1.512656e+09
        1.479102e+09
        1.445549e+09
        1.411996e+09
        1.378442e+09
        1.344889e+09
        1.311335e+09
        1.277782e+09
        1.244229e+09
        1.210675e+09
        1.177122e+09
        1.143568e+09
        1.110015e+09
        1.076462e+09
        1.042908e+09
        1.009355e+09
        9.758013e+08
        9.422479e+08
        9.086945e+08
        8.751411e+08
        8.415877e+08
        8.080343e+08
        7.744809e+08
        7.409275e+08
        7.073741e+08
        6.738207e+08
        6.402673e+08
        6.067139e+08
        5.731604e+08
        5.396070e+08
        5.060536e+08
        4.725002e+08
        4.389468e+08
        4.053934e+08
        3.718400e+08
        3.382866e+08
        3.047332e+08
        2.711798e+08
        2.376264e+08
        2.040730e+08
        1.705196e+08
        1.369661e+08
        1.034127e+08
        6.985933e+07
        3.630592e+07
        2.752512e+06
       -3.080090e+07
       -6.435430e+07
       -9.790771e+07
       -1.314611e+08
       -1.650145e+08
       -1.985679e+08
       -2.321213e+08
       -2.656748e+08
       -2.992282e+08
       -3.327816e+08
       -3.663350e+08
       -3.998884e+08
       -4.334418e+08
       -4.669952e+08
       -5.005486e+08
       -5.341020e+08
       -5.676554e+08
       -6.012088e+08
       -6.347622e+08
       -6.683156e+08
       -7.018691e+08
       -7.354225e+08
       -7.689759e+08
       -8.025293e+08
       -8.360827e+08
       -8.696361e+08
       -9.031895e+08
       -9.367429e+08
       -9.702963e+08
       -1.003850e+09
       -1.037403e+09
       -1.070957e+09
       -1.104510e+09
       -1.138063e+09
       -1.171617e+09
       -1.205170e+09
       -1.238724e+09
       -1.272277e+09
       -1.305830e+09
       -1.339384e+09
       -1.372937e+09
       -1.406491e+09
       -1.440044e+09
       -1.473597e+09
       -1.507151e+09
       -1.540704e+09
       -1.574258e+09
       -1.607811e+09
       -1.641364e+09
       -1.674918e+09
       -1.708471e+09
       -1.742025e+09
       -1.775578e+09
       -1.809132e+09
       -1.842685e+09
       -1.876238e+09
       -1.909792e+09
       -1.943345e+09
       -1.976899e+09
       -2.010452e+09
       -2.044005e+09
       -2.077559e+09
       -2.111112e+09
       -2.144666e+09
        2.116748e+09
        2.083195e+09
        2.049641e+09
        2.016088e+09
        1.982535e+09
        1.948981e+09
        1.915428e+09
        1.881874e+09
        1.848321e+09
        1.814768e+09
        1.781214e+09
        1.747661e+09
        1.714107e+09
        1.680554e+09
        1.647001e+09
        1.613447e+09
        1.579894e+09
        1.546340e+09
        1.512787e+09
        1.479234e+09
        1.445680e+09
        1.412127e+09
        1.378573e+09
        1.345020e+09
        1.311466e+09
        1.277913e+09
        1.244360e+09
        1.210806e+09
        1.177253e+09
        1.143699e+09
        1.110146e+09
        1.076593e+09
        1.043039e+09
        1.009486e+09
        9.759324e+08
        9.423790e+08
        9.088256e+08
        8.752722e+08
        8.417188e+08
        8.081654e+08
        7.746120e+08
        7.410586e+08
        7.075052e+08
        6.739517e+08
        6.403983e+08
        6.068449e+08
        5.732915e+08
        5.397381e+08
        5.061847e+08
        4.726313e+08
        4.390779e+08
        4.055245e+08
        3.719711e+08
        3.384177e+08
        3.048643e+08
        2.713108e+08
        2.377574e+08
        2.042040e+08
        1.706506e+08
        1.370972e+08
        1.035438e+08
        6.999040e+07
        3.643699e+07
       -3.690875e+08
       -3.066982e+07
       -6.422323e+07
       -9.777664e+07
       -1.313300e+08
       -1.648835e+08
       -1.984369e+08
       -2.319903e+08
       -2.655437e+08
       -2.990971e+08
       -3.326505e+08
       -3.662039e+08
       -3.997573e+08
       -4.333107e+08
       -4.668641e+08
       -5.004175e+08
       -5.339709e+08
       -5.675244e+08
       -6.010778e+08
       -6.346312e+08
       -6.681846e+08
       -7.017380e+08
       -7.352914e+08
       -7.688448e+08
       -8.023982e+08
       -8.359516e+08
       -8.695050e+08
       -9.030584e+08
       -9.366118e+08
       -9.701652e+08
       -1.003719e+09
       -1.037272e+09
       -1.070825e+09
       -1.104379e+09
       -1.137932e+09
       -1.171486e+09
       -1.205039e+09
       -1.238593e+09
       -1.272146e+09
       -1.305699e+09
       -1.339253e+09
       -1.372806e+09
       -1.406360e+09
       -1.439913e+09
       -1.473466e+09
       -1.507020e+09
       -1.540573e+09
       -1.574127e+09
       -1.607680e+09
       -1.641233e+09
       -1.674787e+09
       -1.708340e+09
       -1.741894e+09
       -1.775447e+09
       -1.809000e+09
       -1.842554e+09
       -1.876107e+09
       -1.909661e+09
       -1.943214e+09
       -1.976767e+09
       -2.010321e+09
       -2.043874e+09
       -2.077428e+09
       -2.110981e+09
       -2.144535e+09
        2.116879e+09
        2.083326e+09
        2.049773e+09
        2.016219e+09
        1.982666e+09
        1.949112e+09
        1.915559e+09
        1.882006e+09
        1.848452e+09
        1.814899e+09
        1.781345e+09
        1.747792e+09
        1.714238e+09
        1.680685e+09
        1.647132e+09
        1.613578e+09
        1.580025e+09
        1.546471e+09
        1.512918e+09
        1.479365e+09
        1.445811e+09
        1.412258e+09
        1.378704e+09
        1.345151e+09
        1.311598e+09
        1.278044e+09
        1.244491e+09
        1.210937e+09
        1.177384e+09
        1.143831e+09
        1.110277e+09
        1.076724e+09
        1.043170e+09
        1.009617e+09
        9.760635e+08
        9.425101e+08
        9.089567e+08
        8.754033e+08
        8.418499e+08
        8.082964e+08
        7.747430e+08
        7.411896e+08
        7.076362e+08
        6.740828e+08
        6.405294e+08
        6.069760e+08
        5.734226e+08
        5.398692e+08
        5.063158e+08
        4.727624e+08
        4.392090e+08
        4.056556e+08
        3.721021e+08
        3.385487e+08
        3.049953e+08
        2.714419e+08
        2.378885e+08
        2.043351e+08
        1.707817e+08
        1.372283e+08
        1.036749e+08
        7.012147e+07
        3.656806e+07
        3.014656e+06
       -3.053875e+07
       -6.409216e+07
       -9.764557e+07
       -1.311990e+08
       -1.647524e+08
       -1.983058e+08
       -2.318592e+08
       -2.654126e+08
       -2.989660e+08
       -3.325194e+08
       -3.660728e+08
       -3.996262e+08
       -4.331796e+08
       -4.667331e+08
       -5.002865e+08
       -5.338399e+08
       -5.673933e+08
       -6.009467e+08
       -6.345001e+08
       -6.680535e+08
       -7.016069e+08
       -7.351603e+08
       -7.687137e+08
       -8.022671e+08
       -8.358205e+08
       -8.693740e+08
       -9.029274e+08
       -9.364808e+08
       -9.700342e+08
       -1.003588e+09
       -1.037141e+09
       -1.070694e+09
       -1.104248e+09
       -1.137801e+09
       -1.171355e+09
       -1.204908e+09
       -1.238461e+09
       -1.272015e+09
       -1.305568e+09
       -1.339122e+09
       -1.372675e+09
       -1.406228e+09
       -1.439782e+09
       -1.473335e+09
       -1.506889e+09
       -1.540442e+09
       -1.573996e+09
       -1.607549e+09
       -1.641102e+09
       -1.674656e+09
       -1.708209e+09
       -1.741763e+09
       -1.775316e+09
       -1.808869e+09
       -1.842423e+09
       -1.875976e+09
       -1.909530e+09
       -1.943083e+09
       -1.976636e+09
       -2.010190e+09
       -2.043743e+09
       -2.077297e+09
       -2.110850e+09
       -2.144403e+09
        2.117010e+09
        2.083457e+09
        2.049904e+09
        2.016350e+09
        1.982797e+09
        1.949243e+09
        1.915690e+09
        1.882137e+09
        1.848583e+09
        1.815030e+09
        1.781476e+09
        1.747923e+09
        1.714370e+09
        1.680816e+09
        1.647263e+09
        1.613709e+09
        1.580156e+09
        1.546602e+09
        1.513049e+09
        1.479496e+09
        1.445942e+09
        1.412389e+09
        1.378835e+09
        1.345282e+09
        1.311729e+09
        1.278175e+09
        1.244622e+09
        1.211068e+09
        1.177515e+09
        1.143962e+09
        1.110408e+09
        1.076855e+09
        1.043301e+09
        1.009748e+09
        9.761946e+08
        9.426412e+08
        9.090877e+08
        8.755343e+08
        8.419809e+08
        8.084275e+08
        7.748741e+08
        7.413207e+08
        7.077673e+08
        6.742139e+08
        6.406605e+08
        6.071071e+08
        5.735537e+08
        5.400003e+08
        5.064468e+08
        4.728934e+08
        4.393400e+08
        4.057866e+08
        3.722332e+08
        3.386798e+08
        3.051264e+08
        2.715730e+08
        2.380196e+08
        2.044662e+08
        1.709128e+08
        1.373594e+08
        1.038060e+08
        7.025254e+07
        3.669914e+07
       -4.026409e+08
       -3.040768e+07
       -6.396109e+07
       -9.751450e+07
       -1.310679e+08
       -1.646213e+08
       -1.981747e+08
       -2.317281e+08
       -2.652815e+08
       -2.988349e+08
       -3.323884e+08
       -3.659418e+08
       -3.994952e+08
       -4.330486e+08
       -4.666020e+08
       -5.001554e+08
       -5.337088e+08
       -5.672622e+08
       -6.008156e+08
       -6.343690e+08
       -6.679224e+08
       -7.014758e+08
       -7.350292e+08
       -7.685827e+08
       -8.021361e+08
       -8.356895e+08
       -8.692429e+08
       -9.027963e+08
       -9.363497e+08
       -9.699031e+08
       -1.003457e+09
       -1.037010e+09
       -1.070563e+09
       -1.104117e+09
       -1.137670e+09
       -1.171224e+09
       -1.204777e+09
       -1.238330e+09
       -1.271884e+09
       -1.305437e+09
       -1.338991e+09
       -1.372544e+09
       -1.406097e+09
       -1.439651e+09
       -1.473204e+09
       -1.506758e+09
       -1.540311e+09
       -1.573864e+09
       -1.607418e+09
       -1.640971e+09
       -1.674525e+09
       -1.708078e+09
       -1.741631e+09
       -1.775185e+09
       -1.808738e+09
       -1.842292e+09
       -1.875845e+09
       -1.909399e+09
       -1.942952e+09
       -1.976505e+09
       -2.010059e+09
       -2.043612e+09
       -2.077166e+09
       -2.110719e+09
       -2.144272e+09
        2.117142e+09
        2.083588e+09
        2.050035e+09
        2.016481e+09
        1.982928e+09
        1.949374e+09
        1.915821e+09
        1.882268e+09
        1.848714e+09
        1.815161e+09
        1.781607e+09
        1.748054e+09
        1.714501e+09
        1.680947e+09
        1.647394e+09
        1.613840e+09
        1.580287e+09
        1.546734e+09
        1.513180e+09
        1.479627e+09
        1.446073e+09
        1.412520e+09
        1.378967e+09
        1.345413e+09
        1.311860e+09
        1.278306e+09
        1.244753e+09
        1.211199e+09
        1.177646e+09
        1.144093e+09
        1.110539e+09
        1.076986e+09
        1.043432e+09
        1.009879e+09
        9.763256e+08
        9.427722e+08
        9.092188e+08
        8.756654e+08
        8.421120e+08
        8.085586e+08
        7.750052e+08
        7.414518e+08
        7.078984e+08
        6.743450e+08
        6.407916e+08
        6.072381e+08
        5.736847e+08
        5.401313e+08
        5.065779e+08
        4.730245e+08
        4.394711e+08
        4.059177e+08
        3.723643e+08
        3.388109e+08
        3.052575e+08
        2.717041e+08
        2.381507e+08
        2.045972e+08
        1.710438e+08
        1.374904e+08
        1.039370e+08
        7.038362e+07
        3.683021e+07
        3.276800e+06
       -3.027661e+07
       -6.383002e+07
       -9.738342e+07
       -1.309368e+08
       -1.644902e+08
       -1.980436e+08
       -2.315971e+08
       -2.651505e+08
       -2.987039e+08
       -3.322573e+08
       -3.658107e+08
       -3.993641e+08
       -4.329175e+08
       -4.664709e+08
       -5.000243e+08
       -5.335777e+08
       -5.671311e+08
       -6.006845e+08
       -6.342380e+08
       -6.677914e+08
       -7.013448e+08
       -7.348982e+08
       -7.684516e+08
       -8.020050e+08
       -8.355584e+08
       -8.691118e+08
       -9.026652e+08
       -9.362186e+08
       -9.697720e+08
       -1.003325e+09
       -1.036879e+09
       -1.070432e+09
       -1.103986e+09
       -1.137539e+09
       -1.171092e+09
       -1.204646e+09
       -1.238199e+09
       -1.271753e+09
       -1.305306e+09
       -1.338860e+09
       -1.372413e+09
       -1.405966e+09
       -1.439520e+09
       -1.473073e+09
       -1.506627e+09
       -1.540180e+09
       -1.573733e+09
       -1.607287e+09
       -1.640840e+09
       -1.674394e+09
       -1.707947e+09
       -1.741500e+09
       -1.775054e+09
       -1.808607e+09
       -1.842161e+09
       -1.875714e+09
       -1.909267e+09
       -1.942821e+09
       -1.976374e+09
       -2.009928e+09
       -2.043481e+09
       -2.077034e+09
       -2.110588e+09
       -2.144141e+09
        2.117273e+09
        2.083719e+09
        2.050166e+09
        2.016612e+09
        1.983059e+09
        1.949506e+09
        1.915952e+09
        1.882399e+09
        1.848845e+09
        1.815292e+09
        1.781738e+09
        1.748185e+09
        1.714632e+09
        1.681078e+09
        1.647525e+09
        1.613971e+09
        1.580418e+09
        1.546865e+09
        1.513311e+09
        1.479758e+09
        1.446204e+09
        1.412651e+09
        1.379098e+09
        1.345544e+09
        1.311991e+09
        1.278437e+09
        1.244884e+09
        1.211331e+09
        1.177777e+09
        1.144224e+09
        1.110670e+09
        1.077117e+09
        1.043564e+09
        1.010010e+09
        9.764567e+08
        9.429033e+08
        9.093499e+08
        8.757965e+08
        8.422431e+08
        8.086897e+08
        7.751363e+08
        7.415828e+08
        7.080294e+08
        6.744760e+08
        6.409226e+08
        6.073692e+08
        5.738158e+08
        5.402624e+08
        5.067090e+08
        4.731556e+08
        4.396022e+08
        4.060488e+08
        3.724954e+08
        3.389420e+08
        3.053885e+08
        2.718351e+08
        2.382817e+08
        2.047283e+08
        1.711749e+08
        1.376215e+08
        1.040681e+08
        7.051469e+07
        3.696128e+07
       -4.361943e+08
       -3.014554e+07
       -6.369894e+07
       -9.725235e+07
       -1.308058e+08
       -1.643592e+08
       -1.979126e+08
       -2.314660e+08
       -2.650194e+08
       -2.985728e+08
       -3.321262e+08
       -3.656796e+08
       -3.992330e+08
       -4.327864e+08
       -4.663398e+08
       -4.998932e+08
       -5.334467e+08
       -5.670001e+08
       -6.005535e+08
       -6.341069e+08
       -6.676603e+08
       -7.012137e+08
       -7.347671e+08
       -7.683205e+08
       -8.018739e+08
       -8.354273e+08
       -8.689807e+08
       -9.025341e+08
       -9.360876e+08
       -9.696410e+08
       -1.003194e+09
       -1.036748e+09
       -1.070301e+09
       -1.103855e+09
       -1.137408e+09
       -1.170961e+09
       -1.204515e+09
       -1.238068e+09
       -1.271622e+09
       -1.305175e+09
       -1.338728e+09
       -1.372282e+09
       -1.405835e+09
       -1.439389e+09
       -1.472942e+09
       -1.506495e+09
       -1.540049e+09
       -1.573602e+09
       -1.607156e+09
       -1.640709e+09
       -1.674263e+09
       -1.707816e+09
       -1.741369e+09
       -1.774923e+09
       -1.808476e+09
       -1.842030e+09
       -1.875583e+09
       -1.909136e+09
       -1.942690e+09
       -1.976243e+09
       -2.009797e+09
       -2.043350e+09
       -2.076903e+09
       -2.110457e+09
       -2.144010e+09
        2.117404e+09
        2.083850e+09
        2.050297e+09
        2.016743e+09
        1.983190e+09
        1.949637e+09
        1.916083e+09
        1.882530e+09
        1.848976e+09
        1.815423e+09
        1.781870e+09
        1.748316e+09
        1.714763e+09
        1.681209e+09
        1.647656e+09
        1.614103e+09
        1.580549e+09
        1.546996e+09
        1.513442e+09
        1.479889e+09
        1.446335e+09
        1.412782e+09
        1.379229e+09
        1.345675e+09
        1.312122e+09
        1.278568e+09
        1.245015e+09
        1.211462e+09
        1.177908e+09
        1.144355e+09
        1.110801e+09
        1.077248e+09
        1.043695e+09
        1.010141e+09
        9.765878e+08
        9.430344e+08
        9.094810e+08
        8.759276e+08
        8.423741e+08
        8.088207e+08
        7.752673e+08
        7.417139e+08
        7.081605e+08
        6.746071e+08
        6.410537e+08
        6.075003e+08
        5.739469e+08
        5.403935e+08
        5.068401e+08
        4.732867e+08
        4.397332e+08
        4.061798e+08
        3.726264e+08
        3.390730e+08
        3.055196e+08
        2.719662e+08
        2.384128e+08
        2.048594e+08
        1.713060e+08
        1.377526e+08
        1.041992e+08
        7.064576e+07
        3.709235e+07
        3.538944e+06
       -3.001446e+07
       -6.356787e+07
       -9.712128e+07
       -1.306747e+08
       -1.642281e+08
       -1.977815e+08
       -2.313349e+08
       -2.648883e+08
       -2.984417e+08
       -3.319951e+08
       -3.655485e+08
       -3.991020e+08
       -4.326554e+08
       -4.662088e+08
       -4.997622e+08
       -5.333156e+08
       -5.668690e+08
       -6.004224e+08
       -6.339758e+08
       -6.675292e+08
       -7.010826e+08
       -7.346360e+08
       -7.681894e+08
       -8.017428e+08
       -8.352963e+08
       -8.688497e+08
       -9.024031e+08
       -9.359565e+08
       -9.695099e+08
       -1.003063e+09
       -1.036617e+09
       -1.070170e+09
       -1.103724e+09
       -1.137277e+09
       -1.170830e+09
       -1.204384e+09
       -1.237937e+09
       -1.271491e+09
       -1.305044e+09
       -1.338597e+09
       -1.372151e+09
       -1.405704e+09
       -1.439258e+09
       -1.472811e+09
       -1.506364e+09
       -1.539918e+09
       -1.573471e+09
       -1.607025e+09
       -1.640578e+09
       -1.674131e+09
       -1.707685e+09
       -1.741238e+09
       -1.774792e+09
       -1.808345e+09
       -1.841898e+09
       -1.875452e+09
       -1.909005e+09
       -1.942559e+09
       -1.976112e+09
       -2.009666e+09
       -2.043219e+09
       -2.076772e+09
       -2.110326e+09
       -2.143879e+09
        2.117535e+09
        2.083981e+09
        2.050428e+09
        2.016874e+09
        1.983321e+09
        1.949768e+09
        1.916214e+09
        1.882661e+09
        1.849107e+09
        1.815554e+09
        1.782001e+09
        1.748447e+09
        1.714894e+09
        1.681340e+09
        1.647787e+09
        1.614234e+09
        1.580680e+09
        1.547127e+09
        1.513573e+09
        1.480020e+09
        1.446467e+09
        1.412913e+09
        1.379360e+09
        1.345806e+09
        1.312253e+09
        1.278700e+09
        1.245146e+09
        1.211593e+09
        1.178039e+09
        1.144486e+09
        1.110932e+09
        1.077379e+09
        1.043826e+09
        1.010272e+09
        9.767188e+08
        9.431654e+08
        9.096120e+08
        8.760586e+08
        8.425052e+08
        8.089518e+08
        7.753984e+08
        7.418450e+08
        7.082916e+08
        6.747382e+08
        6.411848e+08
        6.076314e+08
        5.740780e+08
        5.405245e+08
        5.069711e+08
        4.734177e+08
        4.398643e+08
        4.063109e+08
        3.727575e+08
        3.392041e+08
        3.056507e+08
        2.720973e+08
        2.385439e+08
        2.049905e+08
        1.714371e+08
        1.378836e+08
        1.043302e+08
        7.077683e+07
        3.722342e+07
       -4.697477e+08
       -2.988339e+07
       -6.343680e+07
       -9.699021e+07
       -1.305436e+08
       -1.640970e+08
       -1.976504e+08
       -2.312038e+08
       -2.647572e+08
       -2.983107e+08
       -3.318641e+08
       -3.654175e+08
       -3.989709e+08
       -4.325243e+08
       -4.660777e+08
       -4.996311e+08
       -5.331845e+08
       -5.667379e+08
       -6.002913e+08
       -6.338447e+08
       -6.673981e+08
       -7.009516e+08
       -7.345050e+08
       -7.680584e+08
       -8.016118e+08
       -8.351652e+08
       -8.687186e+08
       -9.022720e+08
       -9.358254e+08
       -9.693788e+08
       -1.002932e+09
       -1.036486e+09
       -1.070039e+09
       -1.103592e+09
       -1.137146e+09
       -1.170699e+09
       -1.204253e+09
       -1.237806e+09
       -1.271359e+09
       -1.304913e+09
       -1.338466e+09
       -1.372020e+09
       -1.405573e+09
       -1.439127e+09
       -1.472680e+09
       -1.506233e+09
       -1.539787e+09
       -1.573340e+09
       -1.606894e+09
       -1.640447e+09
       -1.674000e+09
       -1.707554e+09
       -1.741107e+09
       -1.774661e+09
       -1.808214e+09
       -1.841767e+09
       -1.875321e+09
       -1.908874e+09
       -1.942428e+09
       -1.975981e+09
       -2.009534e+09
       -2.043088e+09
       -2.076641e+09
       -2.110195e+09
       -2.143748e+09
        2.117666e+09
        2.084112e+09
        2.050559e+09
        2.017006e+09
        1.983452e+09
        1.949899e+09
        1.916345e+09
        1.882792e+09
        1.849239e+09
        1.815685e+09
        1.782132e+09
        1.748578e+09
        1.715025e+09
        1.681471e+09
        1.647918e+09
        1.614365e+09
        1.580811e+09
        1.547258e+09
        1.513704e+09
        1.480151e+09
        1.446598e+09
        1.413044e+09
        1.379491e+09
        1.345937e+09
        1.312384e+09
        1.278831e+09
        1.245277e+09
        1.211724e+09
        1.178170e+09
        1.144617e+09
        1.111064e+09
        1.077510e+09
        1.043957e+09
        1.010403e+09
        9.768499e+08
        9.432965e+08
        9.097431e+08
        8.761897e+08
        8.426363e+08
        8.090829e+08
        7.755295e+08
        7.419761e+08
        7.084227e+08
        6.748692e+08
        6.413158e+08
        6.077624e+08
        5.742090e+08
        5.406556e+08
        5.071022e+08
        4.735488e+08
        4.399954e+08
        4.064420e+08
        3.728886e+08
        3.393352e+08
        3.057818e+08
        2.722284e+08
        2.386749e+08
        2.051215e+08
        1.715681e+08
        1.380147e+08
        1.044613e+08
        7.090790e+07
        3.735450e+07
        3.801088e+06
       -2.975232e+07
       -6.330573e+07
       -9.685914e+07
       -1.304125e+08
       -1.639660e+08
       -1.975194e+08
       -2.310728e+08
       -2.646262e+08
       -2.981796e+08
       -3.317330e+08
       -3.652864e+08
       -3.988398e+08
       -4.323932e+08
       -4.659466e+08
       -4.995000e+08
       -5.330534e+08
       -5.666068e+08
       -6.001603e+08
       -6.337137e+08
       -6.672671e+08
       -7.008205e+08
       -7.343739e+08
       -7.679273e+08
       -8.014807e+08
       -8.350341e+08
       -8.685875e+08
       -9.021409e+08
       -9.356943e+08
       -9.692477e+08
       -1.002801e+09
       -1.036355e+09
       -1.069908e+09
       -1.103461e+09
       -1.137015e+09
       -1.170568e+09
       -1.204122e+09
       -1.237675e+09
       -1.271228e+09
       -1.304782e+09
       -1.338335e+09
       -1.371889e+09
       -1.405442e+09
       -1.438995e+09
