        6.553100e+04
        6.550100e+04
        6.545100e+04
        6.538100e+04
        6.529100e+04
        6.518200e+04
        6.505200e+04
        6.490300e+04
        6.473400e+04
        6.454500e+04
        6.433600e+04
        6.410900e+04
        6.386100e+04
        6.359400e+04
        6.330800e+04
        6.300200e+04
        6.267700e+04
        6.233300e+04
        6.197100e+04
        6.158900e+04
        6.118800e+04
        6.077000e+04
        6.033200e+04
        5.987600e+04
        5.940100e+04
        5.890600e+04
        5.839500e+04
        5.786700e+04
        5.732200e+04
        5.675800e+04
        5.617800e+04
        5.558000e+04
        5.496500e+04
        5.433400e+04
        5.368600e+04
        5.302100e+04
        5.234200e+04
        5.164500e+04
        5.093300e+04
        5.020600e+04
        4.946300e+04
        4.870500e+04
        4.793200e+04
        4.714500e+04
        4.634500e+04
        4.552900e+04
        4.470000e+04
        4.385600e+04
        4.300000e+04
        4.213000e+04
        4.124800e+04
        4.035200e+04
        3.944500e+04
        3.852600e+04
        3.759500e+04
        3.665200e+04
        3.569800e+04
        3.473400e+04
        3.375800e+04
        3.277300e+04
        3.177700e+04
        3.077300e+04
        2.975800e+04
        2.873400e+04
        2.769500e+04
        2.665400e+04
        2.560500e+04
        2.454800e+04
        2.348500e+04
        2.241300e+04
        2.133500e+04
        2.025100e+04
        1.916000e+04
        1.806300e+04
        1.696200e+04
        1.585400e+04
        1.474200e+04
        1.362500e+04
        1.250500e+04
        1.138000e+04
        1.025200e+04
        9.120000e+03
        7.987000e+03
        6.851000e+03
        5.712000e+03
        4.572000e+03
        3.430000e+03
        2.287000e+03
        1.143000e+03
        0.000000e+00
       -1.144000e+03
       -2.288000e+03
       -3.431000e+03
       -4.573000e+03
       -5.713000e+03
       -6.852000e+03
       -7.988000e+03
       -9.121000e+03
       -1.025300e+04
       -1.138100e+04
       -1.250600e+04
       -1.362600e+04
       -1.474300e+04
       -1.585500e+04
       -1.696300e+04
       -1.806400e+04
       -1.916100e+04
       -2.025200e+04
       -2.133600e+04
       -2.241400e+04
       -2.348600e+04
       -2.454900e+04
       -2.560600e+04
       -2.665500e+04
       -2.769600e+04
       -2.873500e+04
       -2.975900e+04
       -3.077400e+04
       -3.177800e+04
       -3.277400e+04
       -3.375900e+04
       -3.473500e+04
       -3.569900e+04
       -3.665300e+04
       -3.759600e+04
       -3.852700e+04
       -3.944600e+04
       -4.035300e+04
       -4.124900e+04
       -4.213100e+04
       -4.300100e+04
       -4.385700e+04
       -4.470100e+04
       -4.553000e+04
       -4.634600e+04
       -4.714600e+04
       -4.793300e+04
       -4.870600e+04
       -4.946400e+04
       -5.020700e+04
       -5.093400e+04
       -5.164600e+04
       -5.234300e+04
       -5.302200e+04
       -5.368700e+04
       -5.433500e+04
       -5.496600e+04
       -5.558100e+04
       -5.617900e+04
       -5.675900e+04
       -5.732300e+04
       -5.786800e+04
       -5.839600e+04
       -5.890700e+04
       -5.940200e+04
       -5.987700e+04
       -6.033300e+04
       -6.077100e+04
       -6.118900e+04
       -6.159000e+04
       -6.197200e+04
       -6.233400e+04
       -6.267800e+04
       -6.300300e+04
       -6.330900e+04
       -6.359500e+04
       -6.386200e+04
       -6.411000e+04
       -6.433700e+04
       -6.454600e+04
       -6.473500e+04
       -6.490400e+04
       -6.505300e+04
       -6.518300e+04
       -6.529200e+04
       -6.538200e+04
       -6.545200e+04
       -6.550200e+04
       -6.553200e+04
       -6.554200e+04
       -6.553200e+04
       -6.550200e+04
       -6.545200e+04
       -6.538200e+04
       -6.529200e+04
       -6.518300e+04
       -6.505300e+04
       -6.490400e+04
       -6.473500e+04
       -6.454600e+04
       -6.433700e+04
       -6.411000e+04
       -6.386200e+04
       -6.359500e+04
       -6.330900e+04
       -6.300300e+04
       -6.267800e+04
       -6.233400e+04
       -6.197200e+04
       -6.159000e+04
       -6.118900e+04
       -6.077100e+04
       -6.033300e+04
       -5.987700e+04
       -5.940200e+04
       -5.890700e+04
       -5.839600e+04
       -5.786800e+04
       -5.732300e+04
       -5.675900e+04
       -5.617900e+04
       -5.558100e+04
       -5.496600e+04
       -5.433500e+04
       -5.368700e+04
       -5.302200e+04
       -5.234300e+04
       -5.164600e+04
       -5.093400e+04
       -5.020700e+04
       -4.946400e+04
       -4.870600e+04
       -4.793300e+04
       -4.714600e+04
       -4.634600e+04
       -4.553000e+04
       -4.470100e+04
       -4.385700e+04
       -4.300100e+04
       -4.213100e+04
       -4.124900e+04
       -4.035300e+04
       -3.944600e+04
       -3.852700e+04
       -3.759600e+04
       -3.665300e+04
       -3.569900e+04
       -3.473500e+04
       -3.375900e+04
       -3.277400e+04
       -3.177800e+04
       -3.077400e+04
       -2.975900e+04
       -2.873500e+04
       -2.769600e+04
       -2.665500e+04
       -2.560600e+04
       -2.454900e+04
       -2.348600e+04
       -2.241400e+04
       -2.133600e+04
       -2.025200e+04
       -1.916100e+04
       -1.806400e+04
       -1.696300e+04
       -1.585500e+04
       -1.474300e+04
       -1.362600e+04
       -1.250600e+04
       -1.138100e+04
       -1.025300e+04
       -9.121000e+03
       -7.988000e+03
       -6.852000e+03
       -5.713000e+03
       -4.573000e+03
       -3.431000e+03
       -2.288000e+03
       -1.144000e+03
       -1.000000e+00
        1.143000e+03
        2.287000e+03
        3.430000e+03
        4.572000e+03
        5.712000e+03
        6.851000e+03
        7.987000e+03
        9.120000e+03
        1.025200e+04
        1.138000e+04
        1.250500e+04
        1.362500e+04
        1.474200e+04
        1.585400e+04
        1.696200e+04
        1.806300e+04
        1.916000e+04
        2.025100e+04
        2.133500e+04
        2.241300e+04
        2.348500e+04
        2.454800e+04
        2.560500e+04
        2.665400e+04
        2.769500e+04
        2.873400e+04
        2.975800e+04
        3.077300e+04
        3.177700e+04
        3.277300e+04
        3.375800e+04
        3.473400e+04
        3.569800e+04
        3.665200e+04
        3.759500e+04
        3.852600e+04
        3.944500e+04
        4.035200e+04
        4.124800e+04
        4.213000e+04
        4.300000e+04
        4.385600e+04
        4.470000e+04
        4.552900e+04
        4.634500e+04
        4.714500e+04
        4.793200e+04
        4.870500e+04
        4.946300e+04
        5.020600e+04
        5.093300e+04
        5.164500e+04
        5.234200e+04
        5.302100e+04
        5.368600e+04
        5.433400e+04
        5.496500e+04
        5.558000e+04
        5.617800e+04
        5.675800e+04
        5.732200e+04
        5.786700e+04
        5.839500e+04
        5.890600e+04
        5.940100e+04
        5.987600e+04
        6.033200e+04
        6.077000e+04
        6.118800e+04
        6.158900e+04
        6.197100e+04
        6.233300e+04
        6.267700e+04
        6.300200e+04
        6.330800e+04
        6.359400e+04
        6.386100e+04
        6.410900e+04
        6.433600e+04
        6.454500e+04
        6.473400e+04
        6.490300e+04
        6.505200e+04
        6.518200e+04
        6.529100e+04
        6.538100e+04
        6.545100e+04
        6.550100e+04
        6.553100e+04
        6.554100e+04
        6.553100e+04
        6.550100e+04
        6.545100e+04
        6.538100e+04
        6.529100e+04
        6.518200e+04
        6.505200e+04
