    6.553600e+04
    1.310720e+05
    1.966080e+05
    2.621440e+05
    3.276800e+05
    3.932160e+05
    4.587520e+05
    5.242880e+05
    5.898240e+05
    6.553600e+05
    7.208960e+05
    7.864320e+05
    8.519680e+05
    9.175040e+05
    9.830400e+05
    1.048576e+06
    1.114112e+06
    1.179648e+06
    1.245184e+06
    1.310720e+06
    1.376256e+06
    1.441792e+06
    1.507328e+06
    1.572864e+06
    1.638400e+06
    1.703936e+06
    1.769472e+06
    1.835008e+06
    1.900544e+06
    1.966080e+06
    2.031616e+06
    2.097152e+06
    2.162688e+06
    2.228224e+06
    2.293760e+06
    2.359296e+06
    2.424832e+06
    2.490368e+06
    2.555904e+06
    2.621440e+06
    2.686976e+06
    2.752512e+06
    2.818048e+06
    2.883584e+06
    2.949120e+06
    3.014656e+06
    3.080192e+06
    3.145728e+06
    3.211264e+06
    3.276800e+06
    3.342336e+06
    3.407872e+06
    3.473408e+06
    3.538944e+06
    3.604480e+06
    3.670016e+06
    3.735552e+06
    3.801088e+06
    3.866624e+06
    3.932160e+06
    3.997696e+06
    4.063232e+06
    4.128768e+06
    4.194304e+06
    4.259840e+06
    4.325376e+06
    4.390912e+06
    4.456448e+06
    4.521984e+06
    4.587520e+06
    4.653056e+06
    4.718592e+06
    4.784128e+06
    4.849664e+06
    4.915200e+06
    4.980736e+06
    5.046272e+06
    5.111808e+06
    5.177344e+06
    5.242880e+06
    5.308416e+06
    5.373952e+06
    5.439488e+06
    5.505024e+06
    5.570560e+06
    5.636096e+06
    5.701632e+06
    5.767168e+06
    5.832704e+06
    5.898240e+06
    5.963776e+06
    6.029312e+06
    6.094848e+06
    6.160384e+06
    6.225920e+06
    6.291456e+06
    6.356992e+06
    6.422528e+06
    6.488064e+06
    6.553600e+06
    6.619136e+06
    6.684672e+06
    6.750208e+06
    6.815744e+06
    6.881280e+06
    6.946816e+06
    7.012352e+06
    7.077888e+06
    7.143424e+06
    7.208960e+06
    7.274496e+06
    7.340032e+06
    7.405568e+06
    7.471104e+06
    7.536640e+06
    7.602176e+06
    7.667712e+06
    7.733248e+06
    7.798784e+06
    7.864320e+06
    7.929856e+06
    7.995392e+06
    8.060928e+06
    8.126464e+06
    8.192000e+06
    8.257536e+06
    8.323072e+06
    8.388608e+06
    8.454144e+06
    8.519680e+06
    8.585216e+06
    8.650752e+06
    8.716288e+06
    8.781824e+06
    8.847360e+06
    8.912896e+06
    8.978432e+06
    9.043968e+06
    9.109504e+06
    9.175040e+06
    9.240576e+06
    9.306112e+06
    9.371648e+06
    9.437184e+06
    9.502720e+06
    9.568256e+06
    9.633792e+06
    9.699328e+06
    9.764864e+06
    9.830400e+06
    9.895936e+06
    9.961472e+06
    1.002701e+07
    1.009254e+07
    1.015808e+07
    1.022362e+07
    1.028915e+07
    1.035469e+07
    1.042022e+07
    1.048576e+07
    1.055130e+07
    1.061683e+07
    1.068237e+07
    1.074790e+07
    1.081344e+07
    1.087898e+07
    1.094451e+07
    1.101005e+07
    1.107558e+07
    1.114112e+07
    1.120666e+07
    1.127219e+07
    1.133773e+07
    1.140326e+07
    1.146880e+07
    1.153434e+07
    1.159987e+07
    1.166541e+07
    1.173094e+07
    1.179648e+07
    1.186202e+07
    1.192755e+07
    1.199309e+07
    1.205862e+07
    1.212416e+07
    1.218970e+07
    1.225523e+07
    1.232077e+07
    1.238630e+07
    1.245184e+07
    1.251738e+07
    1.258291e+07
    1.264845e+07
    1.271398e+07
    1.277952e+07
    1.284506e+07
    1.291059e+07
    1.297613e+07
    1.304166e+07
    1.310720e+07
    1.317274e+07
    1.323827e+07
    1.330381e+07
    1.336934e+07
    1.343488e+07
    1.350042e+07
    1.356595e+07
    1.363149e+07
    1.369702e+07
    1.376256e+07
    1.382810e+07
    1.389363e+07
    1.395917e+07
    1.402470e+07
    1.409024e+07
    1.415578e+07
    1.422131e+07
    1.428685e+07
    1.435238e+07
    1.441792e+07
    1.448346e+07
    1.454899e+07
    1.461453e+07
    1.468006e+07
    1.474560e+07
    1.481114e+07
    1.487667e+07
    1.494221e+07
    1.500774e+07
    1.507328e+07
    1.513882e+07
    1.520435e+07
    1.526989e+07
    1.533542e+07
    1.540096e+07
    1.546650e+07
    1.553203e+07
    1.559757e+07
    1.566310e+07
    1.572864e+07
    1.579418e+07
    1.585971e+07
    1.592525e+07
    1.599078e+07
    1.605632e+07
    1.612186e+07
    1.618739e+07
    1.625293e+07
    1.631846e+07
    1.638400e+07
    1.644954e+07
    1.651507e+07
    1.658061e+07
    1.664614e+07
    1.671168e+07
    1.677722e+07
    1.684275e+07
    1.690829e+07
    1.697382e+07
    1.703936e+07
    1.710490e+07
    1.717043e+07
    1.723597e+07
    1.730150e+07
    1.736704e+07
    1.743258e+07
    1.749811e+07
    1.756365e+07
    1.762918e+07
    1.769472e+07
    1.776026e+07
    1.782579e+07
    1.789133e+07
    1.795686e+07
    1.802240e+07
    1.808794e+07
    1.815347e+07
    1.821901e+07
    1.828454e+07
    1.835008e+07
    1.841562e+07
    1.848115e+07
    1.854669e+07
    1.861222e+07
    1.867776e+07
    1.874330e+07
    1.880883e+07
    1.887437e+07
    1.893990e+07
    1.900544e+07
    1.907098e+07
    1.913651e+07
    1.920205e+07
    1.926758e+07
    1.933312e+07
    1.939866e+07
    1.946419e+07
    1.952973e+07
    1.959526e+07
    1.966080e+07
    1.972634e+07
    1.979187e+07
    1.985741e+07
    1.992294e+07
    1.998848e+07
    2.005402e+07
    2.011955e+07
    2.018509e+07
    2.025062e+07
    2.031616e+07
    2.038170e+07
    2.044723e+07
    2.051277e+07
    2.057830e+07
    2.064384e+07
    2.070938e+07
    2.077491e+07
    2.084045e+07
    2.090598e+07
    2.097152e+07
    2.103706e+07
    2.110259e+07
    2.116813e+07
    2.123366e+07
    2.129920e+07
    2.136474e+07
    2.143027e+07
    2.149581e+07
    2.156134e+07
    2.162688e+07
    2.169242e+07
    2.175795e+07
    2.182349e+07
    2.188902e+07
    2.195456e+07
    2.202010e+07
    2.208563e+07
    2.215117e+07
    2.221670e+07
    2.228224e+07
    2.234778e+07
    2.241331e+07
    2.247885e+07
    2.254438e+07
    2.260992e+07
    2.267546e+07
    2.274099e+07
    2.280653e+07
    2.287206e+07
    2.293760e+07
    2.300314e+07
    2.306867e+07
    2.313421e+07
    2.319974e+07
    2.326528e+07
    2.333082e+07
    2.339635e+07
    2.346189e+07
    2.352742e+07
    2.359296e+07
    2.365850e+07
    2.372403e+07
    2.378957e+07
    2.385510e+07
    2.392064e+07
    2.398618e+07
    2.405171e+07
    2.411725e+07
    2.418278e+07
    2.424832e+07
    2.431386e+07
    2.437939e+07
    2.444493e+07
    2.451046e+07
    2.457600e+07
    2.464154e+07
    2.470707e+07
    2.477261e+07
    2.483814e+07
    2.490368e+07
    2.496922e+07
    2.503475e+07
    2.510029e+07
    2.516582e+07
    2.523136e+07
    2.529690e+07
    2.536243e+07
    2.542797e+07
    2.549350e+07
    2.555904e+07
    2.562458e+07
    2.569011e+07
    2.575565e+07
    2.582118e+07
    2.588672e+07
    2.595226e+07
    2.601779e+07
    2.608333e+07
    2.614886e+07
    2.621440e+07
    2.627994e+07
    2.634547e+07
    2.641101e+07
    2.647654e+07
    2.654208e+07
    2.660762e+07
    2.667315e+07
    2.673869e+07
    2.680422e+07
    2.686976e+07
    2.693530e+07
    2.700083e+07
    2.706637e+07
    2.713190e+07
    2.719744e+07
    2.726298e+07
    2.732851e+07
    2.739405e+07
    2.745958e+07
    2.752512e+07
    2.759066e+07
    2.765619e+07
    2.772173e+07
    2.778726e+07
    2.785280e+07
    2.791834e+07
    2.798387e+07
    2.804941e+07
    2.811494e+07
    2.818048e+07
    2.824602e+07
    2.831155e+07
    2.837709e+07
    2.844262e+07
    2.850816e+07
    2.857370e+07
    2.863923e+07
    2.870477e+07
    2.877030e+07
    2.883584e+07
    2.890138e+07
    2.896691e+07
    2.903245e+07
    2.909798e+07
    2.916352e+07
    2.922906e+07
    2.929459e+07
    2.936013e+07
    2.942566e+07
    2.949120e+07
    2.955674e+07
    2.962227e+07
    2.968781e+07
    2.975334e+07
    2.981888e+07
    2.988442e+07
    2.994995e+07
    3.001549e+07
    3.008102e+07
    3.014656e+07
    3.021210e+07
    3.027763e+07
    3.034317e+07
    3.040870e+07
    3.047424e+07
    3.053978e+07
    3.060531e+07
    3.067085e+07
    3.073638e+07
    3.080192e+07
    3.086746e+07
    3.093299e+07
    3.099853e+07
    3.106406e+07
    3.112960e+07
    3.119514e+07
    3.126067e+07
    3.132621e+07
    3.139174e+07
    3.145728e+07
    3.152282e+07
    3.158835e+07
    3.165389e+07
    3.171942e+07
    3.178496e+07
    3.185050e+07
    3.191603e+07
    3.198157e+07
    3.204710e+07
    3.211264e+07
    3.217818e+07
    3.224371e+07
    3.230925e+07
    3.237478e+07
    3.244032e+07
    3.250586e+07
    3.257139e+07
    3.263693e+07
    3.270246e+07
    3.276800e+07
    3.283354e+07
    3.289907e+07
    3.296461e+07
    3.303014e+07
    3.309568e+07
    3.316122e+07
    3.322675e+07
    3.329229e+07
    3.335782e+07
    3.342336e+07
    3.348890e+07
    3.355443e+07
    3.361997e+07
    3.368550e+07
    3.375104e+07
    3.381658e+07
    3.388211e+07
    3.394765e+07
    3.401318e+07
    3.407872e+07
    3.414426e+07
    3.420979e+07
    3.427533e+07
    3.434086e+07
    3.440640e+07
    3.447194e+07
    3.453747e+07
    3.460301e+07
    3.466854e+07
    3.473408e+07
    3.479962e+07
    3.486515e+07
    3.493069e+07
    3.499622e+07
    3.506176e+07
    3.512730e+07
    3.519283e+07
    3.525837e+07
    3.532390e+07
    3.538944e+07
    3.545498e+07
    3.552051e+07
    3.558605e+07
    3.565158e+07
    3.571712e+07
    3.578266e+07
    3.584819e+07
    3.591373e+07
    3.597926e+07
    3.604480e+07
    3.611034e+07
    3.617587e+07
    3.624141e+07
    3.630694e+07
    3.637248e+07
    3.643802e+07
    3.650355e+07
    3.656909e+07
    3.663462e+07
    3.670016e+07
    3.676570e+07
    3.683123e+07
    3.689677e+07
    3.696230e+07
    3.702784e+07
    3.709338e+07
    3.715891e+07
    3.722445e+07
    3.728998e+07
    3.735552e+07
    3.742106e+07
    3.748659e+07
    3.755213e+07
    3.761766e+07
    3.768320e+07
    3.774874e+07
    3.781427e+07
    3.787981e+07
    3.794534e+07
    3.801088e+07
    3.807642e+07
    3.814195e+07
    3.820749e+07
    3.827302e+07
    3.833856e+07
    3.840410e+07
    3.846963e+07
    3.853517e+07
    3.860070e+07
    3.866624e+07
    3.873178e+07
    3.879731e+07
    3.886285e+07
    3.892838e+07
    3.899392e+07
    3.905946e+07
    3.912499e+07
    3.919053e+07
    3.925606e+07
    3.932160e+07
    3.938714e+07
    3.945267e+07
    3.951821e+07
    3.958374e+07
    3.964928e+07
    3.971482e+07
    3.978035e+07
    3.984589e+07
    3.991142e+07
    3.997696e+07
    4.004250e+07
    4.010803e+07
    4.017357e+07
    4.023910e+07
    4.030464e+07
    4.037018e+07
    4.043571e+07
    4.050125e+07
    4.056678e+07
    4.063232e+07
    4.069786e+07
    4.076339e+07
    4.082893e+07
    4.089446e+07
    4.096000e+07
    4.102554e+07
    4.109107e+07
    4.115661e+07
    4.122214e+07
    4.128768e+07
    4.135322e+07
    4.141875e+07
    4.148429e+07
    4.154982e+07
    4.161536e+07
    4.168090e+07
    4.174643e+07
    4.181197e+07
    4.187750e+07
    4.194304e+07
    4.200858e+07
    4.207411e+07
    4.213965e+07
    4.220518e+07
    4.227072e+07
    4.233626e+07
    4.240179e+07
    4.246733e+07
    4.253286e+07
    4.259840e+07
    4.266394e+07
    4.272947e+07
    4.279501e+07
    4.286054e+07
    4.292608e+07
    4.299162e+07
    4.305715e+07
    4.312269e+07
    4.318822e+07
    4.325376e+07
    4.331930e+07
    4.338483e+07
    4.345037e+07
    4.351590e+07
    4.358144e+07
    4.364698e+07
    4.371251e+07
    4.377805e+07
    4.384358e+07
    4.390912e+07
    4.397466e+07
    4.404019e+07
    4.410573e+07
    4.417126e+07
    4.423680e+07
    4.430234e+07
    4.436787e+07
    4.443341e+07
    4.449894e+07
    4.456448e+07
    4.463002e+07
    4.469555e+07
    4.476109e+07
    4.482662e+07
    4.489216e+07
    4.495770e+07
    4.502323e+07
    4.508877e+07
    4.515430e+07
    4.521984e+07
    4.528538e+07
    4.535091e+07
    4.541645e+07
    4.548198e+07
    4.554752e+07
    4.561306e+07
    4.567859e+07
    4.574413e+07
    4.580966e+07
    4.587520e+07
    4.594074e+07
    4.600627e+07
    4.607181e+07
    4.613734e+07
    4.620288e+07
    4.626842e+07
    4.633395e+07
    4.639949e+07
    4.646502e+07
    4.653056e+07
    4.659610e+07
    4.666163e+07
    4.672717e+07
    4.679270e+07
    4.685824e+07
    4.692378e+07
    4.698931e+07
    4.705485e+07
    4.712038e+07
    4.718592e+07
    4.725146e+07
    4.731699e+07
    4.738253e+07
    4.744806e+07
    4.751360e+07
    4.757914e+07
    4.764467e+07
    4.771021e+07
    4.777574e+07
    4.784128e+07
    4.790682e+07
    4.797235e+07
    4.803789e+07
    4.810342e+07
    4.816896e+07
    4.823450e+07
    4.830003e+07
    4.836557e+07
    4.843110e+07
    4.849664e+07
    4.856218e+07
    4.862771e+07
    4.869325e+07
    4.875878e+07
    4.882432e+07
    4.888986e+07
    4.895539e+07
    4.902093e+07
    4.908646e+07
    4.915200e+07
    4.921754e+07
    4.928307e+07
    4.934861e+07
    4.941414e+07
    4.947968e+07
    4.954522e+07
    4.961075e+07
    4.967629e+07
    4.974182e+07
    4.980736e+07
    4.987290e+07
    4.993843e+07
    5.000397e+07
    5.006950e+07
    5.013504e+07
    5.020058e+07
    5.026611e+07
    5.033165e+07
    5.039718e+07
    5.046272e+07
    5.052826e+07
    5.059379e+07
    5.065933e+07
    5.072486e+07
    5.079040e+07
    5.085594e+07
    5.092147e+07
    5.098701e+07
    5.105254e+07
    5.111808e+07
    5.118362e+07
    5.124915e+07
    5.131469e+07
    5.138022e+07
    5.144576e+07
    5.151130e+07
    5.157683e+07
    5.164237e+07
    5.170790e+07
    5.177344e+07
    5.183898e+07
    5.190451e+07
    5.197005e+07
    5.203558e+07
    5.210112e+07
    5.216666e+07
    5.223219e+07
    5.229773e+07
    5.236326e+07
    5.242880e+07
    5.249434e+07
    5.255987e+07
    5.262541e+07
    5.269094e+07
    5.275648e+07
    5.282202e+07
    5.288755e+07
    5.295309e+07
    5.301862e+07
    5.308416e+07
    5.314970e+07
    5.321523e+07
    5.328077e+07
    5.334630e+07
    5.341184e+07
    5.347738e+07
    5.354291e+07
    5.360845e+07
    5.367398e+07
    5.373952e+07
    5.380506e+07
    5.387059e+07
    5.393613e+07
    5.400166e+07
    5.406720e+07
    5.413274e+07
    5.419827e+07
    5.426381e+07
    5.432934e+07
    5.439488e+07
    5.446042e+07
    5.452595e+07
    5.459149e+07
    5.465702e+07
    5.472256e+07
    5.478810e+07
    5.485363e+07
    5.491917e+07
    5.498470e+07
    5.505024e+07
    5.511578e+07
    5.518131e+07
    5.524685e+07
    5.531238e+07
    5.537792e+07
    5.544346e+07
    5.550899e+07
    5.557453e+07
    5.564006e+07
    5.570560e+07
    5.577114e+07
    5.583667e+07
    5.590221e+07
    5.596774e+07
    5.603328e+07
    5.609882e+07
    5.616435e+07
    5.622989e+07
    5.629542e+07
    5.636096e+07
    5.642650e+07
    5.649203e+07
    5.655757e+07
    5.662310e+07
    5.668864e+07
    5.675418e+07
    5.681971e+07
    5.688525e+07
    5.695078e+07
    5.701632e+07
    5.708186e+07
    5.714739e+07
    5.721293e+07
    5.727846e+07
    5.734400e+07
    5.740954e+07
    5.747507e+07
    5.754061e+07
    5.760614e+07
    5.767168e+07
    5.773722e+07
    5.780275e+07
    5.786829e+07
    5.793382e+07
    5.799936e+07
    5.806490e+07
    5.813043e+07
    5.819597e+07
    5.826150e+07
    5.832704e+07
    5.839258e+07
    5.845811e+07
    5.852365e+07
    5.858918e+07
    5.865472e+07
    5.872026e+07
    5.878579e+07
    5.885133e+07
    5.891686e+07
    5.898240e+07
    5.904794e+07
    5.911347e+07
    5.917901e+07
    5.924454e+07
    5.931008e+07
    5.937562e+07
    5.944115e+07
    5.950669e+07
    5.957222e+07
    5.963776e+07
    5.970330e+07
    5.976883e+07
    5.983437e+07
    5.989990e+07
    5.996544e+07
    6.003098e+07
    6.009651e+07
    6.016205e+07
    6.022758e+07
    6.029312e+07
    6.035866e+07
    6.042419e+07
    6.048973e+07
    6.055526e+07
    6.062080e+07
    6.068634e+07
    6.075187e+07
    6.081741e+07
    6.088294e+07
    6.094848e+07
    6.101402e+07
    6.107955e+07
    6.114509e+07
    6.121062e+07
    6.127616e+07
    6.134170e+07
    6.140723e+07
    6.147277e+07
    6.153830e+07
    6.160384e+07
    6.166938e+07
    6.173491e+07
    6.180045e+07
    6.186598e+07
    6.193152e+07
    6.199706e+07
    6.206259e+07
    6.212813e+07
    6.219366e+07
    6.225920e+07
    6.232474e+07
    6.239027e+07
    6.245581e+07
    6.252134e+07
    6.258688e+07
    6.265242e+07
    6.271795e+07
    6.278349e+07
    6.284902e+07
    6.291456e+07
    6.298010e+07
    6.304563e+07
    6.311117e+07
    6.317670e+07
    6.324224e+07
    6.330778e+07
    6.337331e+07
    6.343885e+07
    6.350438e+07
    6.356992e+07
    6.363546e+07
    6.370099e+07
    6.376653e+07
    6.383206e+07
    6.389760e+07
    6.396314e+07
    6.402867e+07
    6.409421e+07
    6.415974e+07
    6.422528e+07
    6.429082e+07
    6.435635e+07
    6.442189e+07
    6.448742e+07
    6.455296e+07
    6.461850e+07
    6.468403e+07
    6.474957e+07
    6.481510e+07
    6.488064e+07
    6.494618e+07
    6.501171e+07
    6.507725e+07
    6.514278e+07
    6.520832e+07
    6.527386e+07
    6.533939e+07
    6.540493e+07
    6.547046e+07
    6.553600e+07
    6.560154e+07
    6.566707e+07
    6.573261e+07
    6.579814e+07
    6.586368e+07
    6.592922e+07
    6.599475e+07
    6.606029e+07
    6.612582e+07
    6.619136e+07
    6.625690e+07
    6.632243e+07
    6.638797e+07
    6.645350e+07
    6.651904e+07
    6.658458e+07
    6.665011e+07
    6.671565e+07
    6.678118e+07
    6.684672e+07
    6.691226e+07
    6.697779e+07
    6.704333e+07
    6.710886e+07
    6.717440e+07
    6.723994e+07
    6.730547e+07
    6.737101e+07
    6.743654e+07
    6.750208e+07
    6.756762e+07
    6.763315e+07
    6.769869e+07
    6.776422e+07
    6.782976e+07
    6.789530e+07
    6.796083e+07
    6.802637e+07
    6.809190e+07
    6.815744e+07
    6.822298e+07
    6.828851e+07
    6.835405e+07
    6.841958e+07
    6.848512e+07
    6.855066e+07
    6.861619e+07
    6.868173e+07
    6.874726e+07
    6.881280e+07
    6.887834e+07
    6.894387e+07
    6.900941e+07
    6.907494e+07
    6.914048e+07
    6.920602e+07
    6.927155e+07
    6.933709e+07
    6.940262e+07
    6.946816e+07
    6.953370e+07
    6.959923e+07
    6.966477e+07
    6.973030e+07
    6.979584e+07
    6.986138e+07
    6.992691e+07
    6.999245e+07
    7.005798e+07
    7.012352e+07
    7.018906e+07
    7.025459e+07
    7.032013e+07
    7.038566e+07
    7.045120e+07
    7.051674e+07
    7.058227e+07
    7.064781e+07
    7.071334e+07
    7.077888e+07
    7.084442e+07
    7.090995e+07
    7.097549e+07
    7.104102e+07
    7.110656e+07
    7.117210e+07
    7.123763e+07
    7.130317e+07
    7.136870e+07
    7.143424e+07
    7.149978e+07
    7.156531e+07
    7.163085e+07
    7.169638e+07
    7.176192e+07
    7.182746e+07
    7.189299e+07
    7.195853e+07
    7.202406e+07
    7.208960e+07
    7.215514e+07
    7.222067e+07
    7.228621e+07
    7.235174e+07
    7.241728e+07
    7.248282e+07
    7.254835e+07
    7.261389e+07
    7.267942e+07
    7.274496e+07
    7.281050e+07
    7.287603e+07
    7.294157e+07
    7.300710e+07
    7.307264e+07
    7.313818e+07
    7.320371e+07
    7.326925e+07
    7.333478e+07
    7.340032e+07
    7.346586e+07
    7.353139e+07
    7.359693e+07
    7.366246e+07
    7.372800e+07
    7.379354e+07
    7.385907e+07
    7.392461e+07
    7.399014e+07
    7.405568e+07
    7.412122e+07
    7.418675e+07
    7.425229e+07
    7.431782e+07
    7.438336e+07
    7.444890e+07
    7.451443e+07
    7.457997e+07
    7.464550e+07
    7.471104e+07
    7.477658e+07
    7.484211e+07
    7.490765e+07
    7.497318e+07
    7.503872e+07
    7.510426e+07
    7.516979e+07
    7.523533e+07
    7.530086e+07
    7.536640e+07
    7.543194e+07
    7.549747e+07
    7.556301e+07
    7.562854e+07
    7.569408e+07
    7.575962e+07
    7.582515e+07
    7.589069e+07
    7.595622e+07
    7.602176e+07
    7.608730e+07
    7.615283e+07
    7.621837e+07
    7.628390e+07
    7.634944e+07
    7.641498e+07
    7.648051e+07
    7.654605e+07
    7.661158e+07
    7.667712e+07
    7.674266e+07
    7.680819e+07
    7.687373e+07
    7.693926e+07
    7.700480e+07
    7.707034e+07
    7.713587e+07
    7.720141e+07
    7.726694e+07
    7.733248e+07
    7.739802e+07
    7.746355e+07
    7.752909e+07
    7.759462e+07
    7.766016e+07
    7.772570e+07
    7.779123e+07
    7.785677e+07
    7.792230e+07
    7.798784e+07
    7.805338e+07
    7.811891e+07
    7.818445e+07
    7.824998e+07
    7.831552e+07
    7.838106e+07
    7.844659e+07
    7.851213e+07
    7.857766e+07
    7.864320e+07
    7.870874e+07
    7.877427e+07
    7.883981e+07
    7.890534e+07
    7.897088e+07
    7.903642e+07
    7.910195e+07
    7.916749e+07
    7.923302e+07
    7.929856e+07
    7.936410e+07
    7.942963e+07
    7.949517e+07
    7.956070e+07
    7.962624e+07
    7.969178e+07
    7.975731e+07
    7.982285e+07
    7.988838e+07
    7.995392e+07
    8.001946e+07
    8.008499e+07
    8.015053e+07
    8.021606e+07
    8.028160e+07
    8.034714e+07
    8.041267e+07
    8.047821e+07
    8.054374e+07
    8.060928e+07
    8.067482e+07
    8.074035e+07
    8.080589e+07
    8.087142e+07
    8.093696e+07
    8.100250e+07
    8.106803e+07
    8.113357e+07
    8.119910e+07
    8.126464e+07
    8.133018e+07
    8.139571e+07
    8.146125e+07
    8.152678e+07
    8.159232e+07
    8.165786e+07
    8.172339e+07
    8.178893e+07
    8.185446e+07
    8.192000e+07
    8.198554e+07
    8.205107e+07
    8.211661e+07
    8.218214e+07
    8.224768e+07
    8.231322e+07
    8.237875e+07
    8.244429e+07
    8.250982e+07
    8.257536e+07
    8.264090e+07
    8.270643e+07
    8.277197e+07
    8.283750e+07
    8.290304e+07
    8.296858e+07
    8.303411e+07
    8.309965e+07
    8.316518e+07
    8.323072e+07
    8.329626e+07
    8.336179e+07
    8.342733e+07
    8.349286e+07
    8.355840e+07
    8.362394e+07
    8.368947e+07
    8.375501e+07
    8.382054e+07
    8.388608e+07
    8.395162e+07
    8.401715e+07
    8.408269e+07
    8.414822e+07
    8.421376e+07
    8.427930e+07
    8.434483e+07
    8.441037e+07
    8.447590e+07
    8.454144e+07
    8.460698e+07
    8.467251e+07
    8.473805e+07
    8.480358e+07
    8.486912e+07
    8.493466e+07
    8.500019e+07
    8.506573e+07
    8.513126e+07
    8.519680e+07
    8.526234e+07
    8.532787e+07
    8.539341e+07
    8.545894e+07
    8.552448e+07
    8.559002e+07
    8.565555e+07
    8.572109e+07
    8.578662e+07
    8.585216e+07
    8.591770e+07
    8.598323e+07
    8.604877e+07
    8.611430e+07
    8.617984e+07
    8.624538e+07
    8.631091e+07
    8.637645e+07
    8.644198e+07
    8.650752e+07
    8.657306e+07
    8.663859e+07
    8.670413e+07
    8.676966e+07
    8.683520e+07
    8.690074e+07
    8.696627e+07
    8.703181e+07
    8.709734e+07
    8.716288e+07
    8.722842e+07
    8.729395e+07
    8.735949e+07
    8.742502e+07
    8.749056e+07
    8.755610e+07
    8.762163e+07
    8.768717e+07
    8.775270e+07
    8.781824e+07
    8.788378e+07
    8.794931e+07
    8.801485e+07
    8.808038e+07
    8.814592e+07
    8.821146e+07
    8.827699e+07
    8.834253e+07
    8.840806e+07
    8.847360e+07
    8.853914e+07
    8.860467e+07
    8.867021e+07
    8.873574e+07
    8.880128e+07
    8.886682e+07
    8.893235e+07
    8.899789e+07
    8.906342e+07
    8.912896e+07
    8.919450e+07
    8.926003e+07
    8.932557e+07
    8.939110e+07
    8.945664e+07
    8.952218e+07
    8.958771e+07
    8.965325e+07
    8.971878e+07
    8.978432e+07
    8.984986e+07
    8.991539e+07
    8.998093e+07
    9.004646e+07
    9.011200e+07
    9.017754e+07
    9.024307e+07
    9.030861e+07
    9.037414e+07
    9.043968e+07
    9.050522e+07
    9.057075e+07
    9.063629e+07
    9.070182e+07
    9.076736e+07
    9.083290e+07
    9.089843e+07
    9.096397e+07
    9.102950e+07
    9.109504e+07
    9.116058e+07
    9.122611e+07
    9.129165e+07
    9.135718e+07
    9.142272e+07
    9.148826e+07
    9.155379e+07
    9.161933e+07
    9.168486e+07
    9.175040e+07
    9.181594e+07
    9.188147e+07
    9.194701e+07
    9.201254e+07
    9.207808e+07
    9.214362e+07
    9.220915e+07
    9.227469e+07
    9.234022e+07
    9.240576e+07
    9.247130e+07
    9.253683e+07
    9.260237e+07
    9.266790e+07
    9.273344e+07
    9.279898e+07
    9.286451e+07
    9.293005e+07
    9.299558e+07
    9.306112e+07
    9.312666e+07
    9.319219e+07
    9.325773e+07
    9.332326e+07
    9.338880e+07
    9.345434e+07
    9.351987e+07
    9.358541e+07
    9.365094e+07
    9.371648e+07
    9.378202e+07
    9.384755e+07
    9.391309e+07
    9.397862e+07
    9.404416e+07
    9.410970e+07
    9.417523e+07
    9.424077e+07
    9.430630e+07
    9.437184e+07
    9.443738e+07
    9.450291e+07
    9.456845e+07
    9.463398e+07
    9.469952e+07
    9.476506e+07
    9.483059e+07
    9.489613e+07
    9.496166e+07
    9.502720e+07
    9.509274e+07
    9.515827e+07
    9.522381e+07
    9.528934e+07
    9.535488e+07
    9.542042e+07
    9.548595e+07
    9.555149e+07
    9.561702e+07
    9.568256e+07
    9.574810e+07
    9.581363e+07
    9.587917e+07
    9.594470e+07
    9.601024e+07
    9.607578e+07
    9.614131e+07
    9.620685e+07
    9.627238e+07
    9.633792e+07
    9.640346e+07
    9.646899e+07
    9.653453e+07
    9.660006e+07
    9.666560e+07
    9.673114e+07
    9.679667e+07
    9.686221e+07
    9.692774e+07
    9.699328e+07
    9.705882e+07
    9.712435e+07
    9.718989e+07
    9.725542e+07
    9.732096e+07
    9.738650e+07
    9.745203e+07
    9.751757e+07
    9.758310e+07
    9.764864e+07
    9.771418e+07
    9.777971e+07
    9.784525e+07
    9.791078e+07
    9.797632e+07
    9.804186e+07
    9.810739e+07
    9.817293e+07
    9.823846e+07
    9.830400e+07
    9.836954e+07
    9.843507e+07
    9.850061e+07
    9.856614e+07
    9.863168e+07
    9.869722e+07
    9.876275e+07
    9.882829e+07
    9.889382e+07
    9.895936e+07
    9.902490e+07
    9.909043e+07
    9.915597e+07
    9.922150e+07
    9.928704e+07
    9.935258e+07
    9.941811e+07
    9.948365e+07
    9.954918e+07
    9.961472e+07
    9.968026e+07
    9.974579e+07
    9.981133e+07
    9.987686e+07
    9.994240e+07
    1.000079e+08
    1.000735e+08
    1.001390e+08
    1.002045e+08
    1.002701e+08
    1.003356e+08
    1.004012e+08
    1.004667e+08
    1.005322e+08
    1.005978e+08
    1.006633e+08
    1.007288e+08
    1.007944e+08
    1.008599e+08
    1.009254e+08
    1.009910e+08
    1.010565e+08
    1.011220e+08
    1.011876e+08
    1.012531e+08
    1.013187e+08
    1.013842e+08
    1.014497e+08
    1.015153e+08
    1.015808e+08
    1.016463e+08
    1.017119e+08
    1.017774e+08
    1.018429e+08
    1.019085e+08
    1.019740e+08
    1.020396e+08
    1.021051e+08
    1.021706e+08
    1.022362e+08
    1.023017e+08
    1.023672e+08
    1.024328e+08
    1.024983e+08
    1.025638e+08
    1.026294e+08
    1.026949e+08
    1.027604e+08
    1.028260e+08
    1.028915e+08
    1.029571e+08
    1.030226e+08
    1.030881e+08
    1.031537e+08
    1.032192e+08
    1.032847e+08
    1.033503e+08
    1.034158e+08
    1.034813e+08
    1.035469e+08
    1.036124e+08
    1.036780e+08
    1.037435e+08
    1.038090e+08
    1.038746e+08
    1.039401e+08
    1.040056e+08
    1.040712e+08
    1.041367e+08
    1.042022e+08
    1.042678e+08
    1.043333e+08
    1.043988e+08
    1.044644e+08
    1.045299e+08
    1.045955e+08
    1.046610e+08
    1.047265e+08
    1.047921e+08
    1.048576e+08
    1.049231e+08
    1.049887e+08
    1.050542e+08
    1.051197e+08
    1.051853e+08
    1.052508e+08
    1.053164e+08
    1.053819e+08
    1.054474e+08
    1.055130e+08
    1.055785e+08
    1.056440e+08
    1.057096e+08
    1.057751e+08
    1.058406e+08
    1.059062e+08
    1.059717e+08
    1.060372e+08
    1.061028e+08
    1.061683e+08
    1.062339e+08
    1.062994e+08
    1.063649e+08
    1.064305e+08
    1.064960e+08
    1.065615e+08
    1.066271e+08
    1.066926e+08
    1.067581e+08
    1.068237e+08
    1.068892e+08
    1.069548e+08
    1.070203e+08
    1.070858e+08
    1.071514e+08
    1.072169e+08
    1.072824e+08
    1.073480e+08
    1.074135e+08
    1.074790e+08
    1.075446e+08
    1.076101e+08
    1.076756e+08
    1.077412e+08
    1.078067e+08
    1.078723e+08
    1.079378e+08
    1.080033e+08
    1.080689e+08
    1.081344e+08
    1.081999e+08
    1.082655e+08
    1.083310e+08
    1.083965e+08
    1.084621e+08
    1.085276e+08
    1.085932e+08
    1.086587e+08
    1.087242e+08
    1.087898e+08
    1.088553e+08
    1.089208e+08
    1.089864e+08
    1.090519e+08
    1.091174e+08
    1.091830e+08
    1.092485e+08
    1.093140e+08
    1.093796e+08
    1.094451e+08
    1.095107e+08
    1.095762e+08
    1.096417e+08
    1.097073e+08
    1.097728e+08
    1.098383e+08
    1.099039e+08
    1.099694e+08
    1.100349e+08
    1.101005e+08
    1.101660e+08
    1.102316e+08
    1.102971e+08
    1.103626e+08
    1.104282e+08
    1.104937e+08
    1.105592e+08
    1.106248e+08
    1.106903e+08
    1.107558e+08
    1.108214e+08
    1.108869e+08
    1.109524e+08
    1.110180e+08
    1.110835e+08
    1.111491e+08
    1.112146e+08
    1.112801e+08
    1.113457e+08
    1.114112e+08
    1.114767e+08
    1.115423e+08
    1.116078e+08
    1.116733e+08
    1.117389e+08
    1.118044e+08
    1.118700e+08
