    6.553000e+03
    1.310600e+04
    1.965900e+04
    2.621200e+04
    3.276500e+04
    3.931800e+04
    4.587100e+04
    5.242400e+04
    5.897700e+04
    6.553000e+04
    7.208300e+04
    7.863600e+04
    8.518900e+04
    9.174200e+04
    9.829500e+04
    1.048480e+05
    1.114010e+05
    1.179540e+05
    1.245070e+05
    1.310600e+05
    1.376130e+05
    1.441660e+05
    1.507190e+05
    1.572720e+05
    1.638250e+05
    1.703780e+05
    1.769310e+05
    1.834840e+05
    1.900370e+05
    1.965900e+05
    2.031430e+05
    2.096960e+05
    2.162490e+05
    2.228020e+05
    2.293550e+05
    2.359080e+05
    2.424610e+05
    2.490140e+05
    2.555670e+05
    2.621200e+05
    2.686730e+05
    2.752260e+05
    2.817790e+05
    2.883320e+05
    2.948850e+05
    3.014380e+05
    3.079910e+05
    3.145440e+05
    3.210970e+05
    3.276500e+05
    3.342030e+05
    3.407560e+05
    3.473090e+05
    3.538620e+05
    3.604150e+05
    3.669680e+05
    3.735210e+05
    3.800740e+05
    3.866270e+05
    3.931800e+05
    3.997330e+05
    4.062860e+05
    4.128390e+05
    4.193920e+05
    4.259450e+05
    4.324980e+05
    4.390510e+05
    4.456040e+05
    4.521570e+05
    4.587100e+05
    4.652630e+05
    4.718160e+05
    4.783690e+05
    4.849220e+05
    4.914750e+05
    4.980280e+05
    5.045810e+05
    5.111340e+05
    5.176870e+05
    5.242400e+05
    5.307930e+05
    5.373460e+05
    5.438990e+05
    5.504520e+05
    5.570050e+05
    5.635580e+05
    5.701110e+05
    5.766640e+05
    5.832170e+05
    5.897700e+05
    5.963230e+05
    6.028760e+05
    6.094290e+05
    6.159820e+05
    6.225350e+05
    6.290880e+05
    6.356410e+05
    6.421940e+05
    6.487470e+05
    6.553000e+05
    6.618530e+05
    6.684060e+05
    6.749590e+05
    6.815120e+05
    6.880650e+05
    6.946180e+05
    7.011710e+05
    7.077240e+05
    7.142770e+05
    7.208300e+05
    7.273830e+05
    7.339360e+05
    7.404890e+05
    7.470420e+05
    7.535950e+05
    7.601480e+05
    7.667010e+05
    7.732540e+05
    7.798070e+05
    7.863600e+05
    7.929130e+05
    7.994660e+05
    8.060190e+05
    8.125720e+05
    8.191250e+05
    8.256780e+05
    8.322310e+05
    8.387840e+05
    8.453370e+05
    8.518900e+05
    8.584430e+05
    8.649960e+05
    8.715490e+05
    8.781020e+05
    8.846550e+05
    8.912080e+05
    8.977610e+05
    9.043140e+05
    9.108670e+05
    9.174200e+05
    9.239730e+05
    9.305260e+05
    9.370790e+05
    9.436320e+05
    9.501850e+05
    9.567380e+05
    9.632910e+05
    9.698440e+05
    9.763970e+05
    9.829500e+05
    9.895030e+05
    9.960560e+05
    1.002609e+06
    1.009162e+06
    1.015715e+06
    1.022268e+06
    1.028821e+06
    1.035374e+06
    1.041927e+06
    1.048480e+06
    1.055033e+06
    1.061586e+06
    1.068139e+06
    1.074692e+06
    1.081245e+06
    1.087798e+06
    1.094351e+06
    1.100904e+06
    1.107457e+06
    1.114010e+06
    1.120563e+06
    1.127116e+06
    1.133669e+06
    1.140222e+06
    1.146775e+06
    1.153328e+06
    1.159881e+06
    1.166434e+06
    1.172987e+06
    1.179540e+06
    1.186093e+06
    1.192646e+06
    1.199199e+06
    1.205752e+06
    1.212305e+06
    1.218858e+06
    1.225411e+06
    1.231964e+06
    1.238517e+06
    1.245070e+06
    1.251623e+06
    1.258176e+06
    1.264729e+06
    1.271282e+06
    1.277835e+06
    1.284388e+06
    1.290941e+06
    1.297494e+06
    1.304047e+06
    1.310600e+06
    1.317153e+06
    1.323706e+06
    1.330259e+06
    1.336812e+06
    1.343365e+06
    1.349918e+06
    1.356471e+06
    1.363024e+06
    1.369577e+06
    1.376130e+06
    1.382683e+06
    1.389236e+06
    1.395789e+06
    1.402342e+06
    1.408895e+06
    1.415448e+06
    1.422001e+06
    1.428554e+06
    1.435107e+06
    1.441660e+06
    1.448213e+06
    1.454766e+06
    1.461319e+06
    1.467872e+06
    1.474425e+06
    1.480978e+06
    1.487531e+06
    1.494084e+06
    1.500637e+06
    1.507190e+06
    1.513743e+06
    1.520296e+06
    1.526849e+06
    1.533402e+06
    1.539955e+06
    1.546508e+06
    1.553061e+06
    1.559614e+06
    1.566167e+06
    1.572720e+06
    1.579273e+06
    1.585826e+06
    1.592379e+06
    1.598932e+06
    1.605485e+06
    1.612038e+06
    1.618591e+06
    1.625144e+06
    1.631697e+06
    1.638250e+06
    1.644803e+06
    1.651356e+06
    1.657909e+06
    1.664462e+06
    1.671015e+06
    1.677568e+06
    1.684121e+06
    1.690674e+06
    1.697227e+06
    1.703780e+06
    1.710333e+06
    1.716886e+06
    1.723439e+06
    1.729992e+06
    1.736545e+06
    1.743098e+06
    1.749651e+06
    1.756204e+06
    1.762757e+06
    1.769310e+06
    1.775863e+06
    1.782416e+06
    1.788969e+06
    1.795522e+06
    1.802075e+06
    1.808628e+06
    1.815181e+06
    1.821734e+06
    1.828287e+06
    1.834840e+06
    1.841393e+06
    1.847946e+06
    1.854499e+06
    1.861052e+06
    1.867605e+06
    1.874158e+06
    1.880711e+06
    1.887264e+06
    1.893817e+06
    1.900370e+06
    1.906923e+06
    1.913476e+06
    1.920029e+06
    1.926582e+06
    1.933135e+06
    1.939688e+06
    1.946241e+06
    1.952794e+06
    1.959347e+06
    1.965900e+06
    1.972453e+06
    1.979006e+06
    1.985559e+06
    1.992112e+06
    1.998665e+06
    2.005218e+06
    2.011771e+06
    2.018324e+06
    2.024877e+06
    2.031430e+06
    2.037983e+06
    2.044536e+06
    2.051089e+06
    2.057642e+06
    2.064195e+06
    2.070748e+06
    2.077301e+06
    2.083854e+06
    2.090407e+06
    2.096960e+06
    2.103513e+06
    2.110066e+06
    2.116619e+06
    2.123172e+06
    2.129725e+06
    2.136278e+06
    2.142831e+06
    2.149384e+06
    2.155937e+06
    2.162490e+06
    2.169043e+06
    2.175596e+06
    2.182149e+06
    2.188702e+06
    2.195255e+06
    2.201808e+06
    2.208361e+06
    2.214914e+06
    2.221467e+06
    2.228020e+06
    2.234573e+06
    2.241126e+06
    2.247679e+06
    2.254232e+06
    2.260785e+06
    2.267338e+06
    2.273891e+06
    2.280444e+06
    2.286997e+06
    2.293550e+06
    2.300103e+06
    2.306656e+06
    2.313209e+06
    2.319762e+06
    2.326315e+06
    2.332868e+06
    2.339421e+06
    2.345974e+06
    2.352527e+06
    2.359080e+06
    2.365633e+06
    2.372186e+06
    2.378739e+06
    2.385292e+06
    2.391845e+06
    2.398398e+06
    2.404951e+06
    2.411504e+06
    2.418057e+06
    2.424610e+06
    2.431163e+06
    2.437716e+06
    2.444269e+06
    2.450822e+06
    2.457375e+06
    2.463928e+06
    2.470481e+06
    2.477034e+06
    2.483587e+06
    2.490140e+06
    2.496693e+06
    2.503246e+06
    2.509799e+06
    2.516352e+06
    2.522905e+06
    2.529458e+06
    2.536011e+06
    2.542564e+06
    2.549117e+06
    2.555670e+06
    2.562223e+06
    2.568776e+06
    2.575329e+06
    2.581882e+06
    2.588435e+06
    2.594988e+06
    2.601541e+06
    2.608094e+06
    2.614647e+06
    2.621200e+06
    2.627753e+06
    2.634306e+06
    2.640859e+06
    2.647412e+06
    2.653965e+06
    2.660518e+06
    2.667071e+06
    2.673624e+06
    2.680177e+06
    2.686730e+06
    2.693283e+06
    2.699836e+06
    2.706389e+06
    2.712942e+06
    2.719495e+06
    2.726048e+06
    2.732601e+06
    2.739154e+06
    2.745707e+06
    2.752260e+06
    2.758813e+06
    2.765366e+06
    2.771919e+06
    2.778472e+06
    2.785025e+06
    2.791578e+06
    2.798131e+06
    2.804684e+06
    2.811237e+06
    2.817790e+06
    2.824343e+06
    2.830896e+06
    2.837449e+06
    2.844002e+06
    2.850555e+06
    2.857108e+06
    2.863661e+06
    2.870214e+06
    2.876767e+06
    2.883320e+06
    2.889873e+06
    2.896426e+06
    2.902979e+06
    2.909532e+06
    2.916085e+06
    2.922638e+06
    2.929191e+06
    2.935744e+06
    2.942297e+06
    2.948850e+06
    2.955403e+06
    2.961956e+06
    2.968509e+06
    2.975062e+06
    2.981615e+06
    2.988168e+06
    2.994721e+06
    3.001274e+06
    3.007827e+06
    3.014380e+06
    3.020933e+06
    3.027486e+06
    3.034039e+06
    3.040592e+06
    3.047145e+06
    3.053698e+06
    3.060251e+06
    3.066804e+06
    3.073357e+06
    3.079910e+06
    3.086463e+06
    3.093016e+06
    3.099569e+06
    3.106122e+06
    3.112675e+06
    3.119228e+06
    3.125781e+06
    3.132334e+06
    3.138887e+06
    3.145440e+06
    3.151993e+06
    3.158546e+06
    3.165099e+06
    3.171652e+06
    3.178205e+06
    3.184758e+06
    3.191311e+06
    3.197864e+06
    3.204417e+06
    3.210970e+06
    3.217523e+06
    3.224076e+06
    3.230629e+06
    3.237182e+06
    3.243735e+06
    3.250288e+06
    3.256841e+06
    3.263394e+06
    3.269947e+06
    3.276500e+06
    3.283053e+06
    3.289606e+06
    3.296159e+06
    3.302712e+06
    3.309265e+06
    3.315818e+06
    3.322371e+06
    3.328924e+06
    3.335477e+06
    3.342030e+06
    3.348583e+06
    3.355136e+06
    3.361689e+06
    3.368242e+06
    3.374795e+06
    3.381348e+06
    3.387901e+06
    3.394454e+06
    3.401007e+06
    3.407560e+06
    3.414113e+06
    3.420666e+06
    3.427219e+06
    3.433772e+06
    3.440325e+06
    3.446878e+06
    3.453431e+06
    3.459984e+06
    3.466537e+06
    3.473090e+06
    3.479643e+06
    3.486196e+06
    3.492749e+06
    3.499302e+06
    3.505855e+06
    3.512408e+06
    3.518961e+06
    3.525514e+06
    3.532067e+06
    3.538620e+06
    3.545173e+06
    3.551726e+06
    3.558279e+06
    3.564832e+06
    3.571385e+06
    3.577938e+06
    3.584491e+06
    3.591044e+06
    3.597597e+06
    3.604150e+06
    3.610703e+06
    3.617256e+06
    3.623809e+06
    3.630362e+06
    3.636915e+06
    3.643468e+06
    3.650021e+06
    3.656574e+06
    3.663127e+06
    3.669680e+06
    3.676233e+06
    3.682786e+06
    3.689339e+06
    3.695892e+06
    3.702445e+06
    3.708998e+06
    3.715551e+06
    3.722104e+06
    3.728657e+06
    3.735210e+06
    3.741763e+06
    3.748316e+06
    3.754869e+06
    3.761422e+06
    3.767975e+06
    3.774528e+06
    3.781081e+06
    3.787634e+06
    3.794187e+06
    3.800740e+06
    3.807293e+06
    3.813846e+06
    3.820399e+06
    3.826952e+06
    3.833505e+06
    3.840058e+06
    3.846611e+06
    3.853164e+06
    3.859717e+06
    3.866270e+06
    3.872823e+06
    3.879376e+06
    3.885929e+06
    3.892482e+06
    3.899035e+06
    3.905588e+06
    3.912141e+06
    3.918694e+06
    3.925247e+06
    3.931800e+06
    3.938353e+06
    3.944906e+06
    3.951459e+06
    3.958012e+06
    3.964565e+06
    3.971118e+06
    3.977671e+06
    3.984224e+06
    3.990777e+06
    3.997330e+06
    4.003883e+06
    4.010436e+06
    4.016989e+06
    4.023542e+06
    4.030095e+06
    4.036648e+06
    4.043201e+06
    4.049754e+06
    4.056307e+06
    4.062860e+06
    4.069413e+06
    4.075966e+06
    4.082519e+06
    4.089072e+06
    4.095625e+06
    4.102178e+06
    4.108731e+06
    4.115284e+06
    4.121837e+06
    4.128390e+06
    4.134943e+06
    4.141496e+06
    4.148049e+06
    4.154602e+06
    4.161155e+06
    4.167708e+06
    4.174261e+06
    4.180814e+06
    4.187367e+06
    4.193920e+06
    4.200473e+06
    4.207026e+06
    4.213579e+06
    4.220132e+06
    4.226685e+06
    4.233238e+06
    4.239791e+06
    4.246344e+06
    4.252897e+06
    4.259450e+06
    4.266003e+06
    4.272556e+06
    4.279109e+06
    4.285662e+06
    4.292215e+06
    4.298768e+06
    4.305321e+06
    4.311874e+06
    4.318427e+06
    4.324980e+06
    4.331533e+06
    4.338086e+06
    4.344639e+06
    4.351192e+06
    4.357745e+06
    4.364298e+06
    4.370851e+06
    4.377404e+06
    4.383957e+06
    4.390510e+06
    4.397063e+06
    4.403616e+06
    4.410169e+06
    4.416722e+06
    4.423275e+06
    4.429828e+06
    4.436381e+06
    4.442934e+06
    4.449487e+06
    4.456040e+06
    4.462593e+06
    4.469146e+06
    4.475699e+06
    4.482252e+06
    4.488805e+06
    4.495358e+06
    4.501911e+06
    4.508464e+06
    4.515017e+06
    4.521570e+06
    4.528123e+06
    4.534676e+06
    4.541229e+06
    4.547782e+06
    4.554335e+06
    4.560888e+06
    4.567441e+06
    4.573994e+06
    4.580547e+06
    4.587100e+06
    4.593653e+06
    4.600206e+06
    4.606759e+06
    4.613312e+06
    4.619865e+06
    4.626418e+06
    4.632971e+06
    4.639524e+06
    4.646077e+06
    4.652630e+06
    4.659183e+06
    4.665736e+06
    4.672289e+06
    4.678842e+06
    4.685395e+06
    4.691948e+06
    4.698501e+06
    4.705054e+06
    4.711607e+06
    4.718160e+06
    4.724713e+06
    4.731266e+06
    4.737819e+06
    4.744372e+06
    4.750925e+06
    4.757478e+06
    4.764031e+06
    4.770584e+06
    4.777137e+06
    4.783690e+06
    4.790243e+06
    4.796796e+06
    4.803349e+06
    4.809902e+06
    4.816455e+06
    4.823008e+06
    4.829561e+06
    4.836114e+06
    4.842667e+06
    4.849220e+06
    4.855773e+06
    4.862326e+06
    4.868879e+06
    4.875432e+06
    4.881985e+06
    4.888538e+06
    4.895091e+06
    4.901644e+06
    4.908197e+06
    4.914750e+06
    4.921303e+06
    4.927856e+06
    4.934409e+06
    4.940962e+06
    4.947515e+06
    4.954068e+06
    4.960621e+06
    4.967174e+06
    4.973727e+06
    4.980280e+06
    4.986833e+06
    4.993386e+06
    4.999939e+06
    5.006492e+06
    5.013045e+06
    5.019598e+06
    5.026151e+06
    5.032704e+06
    5.039257e+06
    5.045810e+06
    5.052363e+06
    5.058916e+06
    5.065469e+06
    5.072022e+06
    5.078575e+06
    5.085128e+06
    5.091681e+06
    5.098234e+06
    5.104787e+06
    5.111340e+06
    5.117893e+06
    5.124446e+06
    5.130999e+06
    5.137552e+06
    5.144105e+06
    5.150658e+06
    5.157211e+06
    5.163764e+06
    5.170317e+06
    5.176870e+06
    5.183423e+06
    5.189976e+06
    5.196529e+06
    5.203082e+06
    5.209635e+06
    5.216188e+06
    5.222741e+06
    5.229294e+06
    5.235847e+06
    5.242400e+06
    5.248953e+06
    5.255506e+06
    5.262059e+06
    5.268612e+06
    5.275165e+06
    5.281718e+06
    5.288271e+06
    5.294824e+06
    5.301377e+06
    5.307930e+06
    5.314483e+06
    5.321036e+06
    5.327589e+06
    5.334142e+06
    5.340695e+06
    5.347248e+06
    5.353801e+06
    5.360354e+06
    5.366907e+06
    5.373460e+06
    5.380013e+06
    5.386566e+06
    5.393119e+06
    5.399672e+06
    5.406225e+06
    5.412778e+06
    5.419331e+06
    5.425884e+06
    5.432437e+06
    5.438990e+06
    5.445543e+06
    5.452096e+06
    5.458649e+06
    5.465202e+06
    5.471755e+06
    5.478308e+06
    5.484861e+06
    5.491414e+06
    5.497967e+06
    5.504520e+06
    5.511073e+06
    5.517626e+06
    5.524179e+06
    5.530732e+06
    5.537285e+06
    5.543838e+06
    5.550391e+06
    5.556944e+06
    5.563497e+06
    5.570050e+06
    5.576603e+06
    5.583156e+06
    5.589709e+06
    5.596262e+06
    5.602815e+06
    5.609368e+06
    5.615921e+06
    5.622474e+06
    5.629027e+06
    5.635580e+06
    5.642133e+06
    5.648686e+06
    5.655239e+06
    5.661792e+06
    5.668345e+06
    5.674898e+06
    5.681451e+06
    5.688004e+06
    5.694557e+06
    5.701110e+06
    5.707663e+06
    5.714216e+06
    5.720769e+06
    5.727322e+06
    5.733875e+06
    5.740428e+06
    5.746981e+06
    5.753534e+06
    5.760087e+06
    5.766640e+06
    5.773193e+06
    5.779746e+06
    5.786299e+06
    5.792852e+06
    5.799405e+06
    5.805958e+06
    5.812511e+06
    5.819064e+06
    5.825617e+06
    5.832170e+06
    5.838723e+06
    5.845276e+06
    5.851829e+06
    5.858382e+06
    5.864935e+06
    5.871488e+06
    5.878041e+06
    5.884594e+06
    5.891147e+06
    5.897700e+06
    5.904253e+06
    5.910806e+06
    5.917359e+06
    5.923912e+06
    5.930465e+06
    5.937018e+06
    5.943571e+06
    5.950124e+06
    5.956677e+06
    5.963230e+06
    5.969783e+06
    5.976336e+06
    5.982889e+06
    5.989442e+06
    5.995995e+06
    6.002548e+06
    6.009101e+06
    6.015654e+06
    6.022207e+06
    6.028760e+06
    6.035313e+06
    6.041866e+06
    6.048419e+06
    6.054972e+06
    6.061525e+06
    6.068078e+06
    6.074631e+06
    6.081184e+06
    6.087737e+06
    6.094290e+06
    6.100843e+06
    6.107396e+06
    6.113949e+06
    6.120502e+06
    6.127055e+06
    6.133608e+06
    6.140161e+06
    6.146714e+06
    6.153267e+06
    6.159820e+06
    6.166373e+06
    6.172926e+06
    6.179479e+06
    6.186032e+06
    6.192585e+06
    6.199138e+06
    6.205691e+06
    6.212244e+06
    6.218797e+06
    6.225350e+06
    6.231903e+06
    6.238456e+06
    6.245009e+06
    6.251562e+06
    6.258115e+06
    6.264668e+06
    6.271221e+06
    6.277774e+06
    6.284327e+06
    6.290880e+06
    6.297433e+06
    6.303986e+06
    6.310539e+06
    6.317092e+06
    6.323645e+06
    6.330198e+06
    6.336751e+06
    6.343304e+06
    6.349857e+06
    6.356410e+06
    6.362963e+06
    6.369516e+06
    6.376069e+06
    6.382622e+06
    6.389175e+06
    6.395728e+06
    6.402281e+06
    6.408834e+06
    6.415387e+06
    6.421940e+06
    6.428493e+06
    6.435046e+06
    6.441599e+06
    6.448152e+06
    6.454705e+06
    6.461258e+06
    6.467811e+06
    6.474364e+06
    6.480917e+06
    6.487470e+06
    6.494023e+06
    6.500576e+06
    6.507129e+06
    6.513682e+06
    6.520235e+06
    6.526788e+06
    6.533341e+06
    6.539894e+06
    6.546447e+06
    6.553000e+06
    6.559553e+06
    6.566106e+06
    6.572659e+06
    6.579212e+06
    6.585765e+06
    6.592318e+06
    6.598871e+06
    6.605424e+06
    6.611977e+06
    6.618530e+06
    6.625083e+06
    6.631636e+06
    6.638189e+06
    6.644742e+06
    6.651295e+06
    6.657848e+06
    6.664401e+06
    6.670954e+06
    6.677507e+06
    6.684060e+06
    6.690613e+06
    6.697166e+06
    6.703719e+06
    6.710272e+06
    6.716825e+06
    6.723378e+06
    6.729931e+06
    6.736484e+06
    6.743037e+06
    6.749590e+06
    6.756143e+06
    6.762696e+06
    6.769249e+06
    6.775802e+06
    6.782355e+06
    6.788908e+06
    6.795461e+06
    6.802014e+06
    6.808567e+06
    6.815120e+06
    6.821673e+06
    6.828226e+06
    6.834779e+06
    6.841332e+06
    6.847885e+06
    6.854438e+06
    6.860991e+06
    6.867544e+06
    6.874097e+06
    6.880650e+06
    6.887203e+06
    6.893756e+06
    6.900309e+06
    6.906862e+06
    6.913415e+06
    6.919968e+06
    6.926521e+06
    6.933074e+06
    6.939627e+06
    6.946180e+06
    6.952733e+06
    6.959286e+06
    6.965839e+06
    6.972392e+06
    6.978945e+06
    6.985498e+06
    6.992051e+06
    6.998604e+06
    7.005157e+06
    7.011710e+06
    7.018263e+06
    7.024816e+06
    7.031369e+06
    7.037922e+06
    7.044475e+06
    7.051028e+06
    7.057581e+06
    7.064134e+06
    7.070687e+06
    7.077240e+06
    7.083793e+06
    7.090346e+06
    7.096899e+06
    7.103452e+06
    7.110005e+06
    7.116558e+06
    7.123111e+06
    7.129664e+06
    7.136217e+06
    7.142770e+06
    7.149323e+06
    7.155876e+06
    7.162429e+06
    7.168982e+06
    7.175535e+06
    7.182088e+06
    7.188641e+06
    7.195194e+06
    7.201747e+06
    7.208300e+06
    7.214853e+06
    7.221406e+06
    7.227959e+06
    7.234512e+06
    7.241065e+06
    7.247618e+06
    7.254171e+06
    7.260724e+06
    7.267277e+06
    7.273830e+06
    7.280383e+06
    7.286936e+06
    7.293489e+06
    7.300042e+06
    7.306595e+06
    7.313148e+06
    7.319701e+06
    7.326254e+06
    7.332807e+06
    7.339360e+06
    7.345913e+06
    7.352466e+06
    7.359019e+06
    7.365572e+06
    7.372125e+06
    7.378678e+06
    7.385231e+06
    7.391784e+06
    7.398337e+06
    7.404890e+06
    7.411443e+06
    7.417996e+06
    7.424549e+06
    7.431102e+06
    7.437655e+06
    7.444208e+06
    7.450761e+06
    7.457314e+06
    7.463867e+06
    7.470420e+06
    7.476973e+06
    7.483526e+06
    7.490079e+06
    7.496632e+06
    7.503185e+06
    7.509738e+06
    7.516291e+06
    7.522844e+06
    7.529397e+06
    7.535950e+06
    7.542503e+06
    7.549056e+06
    7.555609e+06
    7.562162e+06
    7.568715e+06
    7.575268e+06
    7.581821e+06
    7.588374e+06
    7.594927e+06
    7.601480e+06
    7.608033e+06
    7.614586e+06
    7.621139e+06
    7.627692e+06
    7.634245e+06
    7.640798e+06
    7.647351e+06
    7.653904e+06
    7.660457e+06
    7.667010e+06
    7.673563e+06
    7.680116e+06
    7.686669e+06
    7.693222e+06
    7.699775e+06
    7.706328e+06
    7.712881e+06
    7.719434e+06
    7.725987e+06
    7.732540e+06
    7.739093e+06
    7.745646e+06
    7.752199e+06
    7.758752e+06
    7.765305e+06
    7.771858e+06
    7.778411e+06
    7.784964e+06
    7.791517e+06
    7.798070e+06
    7.804623e+06
    7.811176e+06
    7.817729e+06
    7.824282e+06
    7.830835e+06
    7.837388e+06
    7.843941e+06
    7.850494e+06
    7.857047e+06
    7.863600e+06
    7.870153e+06
    7.876706e+06
    7.883259e+06
    7.889812e+06
    7.896365e+06
    7.902918e+06
    7.909471e+06
    7.916024e+06
    7.922577e+06
    7.929130e+06
    7.935683e+06
    7.942236e+06
    7.948789e+06
    7.955342e+06
    7.961895e+06
    7.968448e+06
    7.975001e+06
    7.981554e+06
    7.988107e+06
    7.994660e+06
    8.001213e+06
    8.007766e+06
    8.014319e+06
    8.020872e+06
    8.027425e+06
    8.033978e+06
    8.040531e+06
    8.047084e+06
    8.053637e+06
    8.060190e+06
    8.066743e+06
    8.073296e+06
    8.079849e+06
    8.086402e+06
    8.092955e+06
    8.099508e+06
    8.106061e+06
    8.112614e+06
    8.119167e+06
    8.125720e+06
    8.132273e+06
    8.138826e+06
    8.145379e+06
    8.151932e+06
    8.158485e+06
    8.165038e+06
    8.171591e+06
    8.178144e+06
    8.184697e+06
    8.191250e+06
    8.197803e+06
    8.204356e+06
    8.210909e+06
    8.217462e+06
    8.224015e+06
    8.230568e+06
    8.237121e+06
    8.243674e+06
    8.250227e+06
    8.256780e+06
    8.263333e+06
    8.269886e+06
    8.276439e+06
    8.282992e+06
    8.289545e+06
    8.296098e+06
    8.302651e+06
    8.309204e+06
    8.315757e+06
    8.322310e+06
    8.328863e+06
    8.335416e+06
    8.341969e+06
    8.348522e+06
    8.355075e+06
    8.361628e+06
    8.368181e+06
    8.374734e+06
    8.381287e+06
    8.387840e+06
    8.394393e+06
    8.400946e+06
    8.407499e+06
    8.414052e+06
    8.420605e+06
    8.427158e+06
    8.433711e+06
    8.440264e+06
    8.446817e+06
    8.453370e+06
    8.459923e+06
    8.466476e+06
    8.473029e+06
    8.479582e+06
    8.486135e+06
    8.492688e+06
    8.499241e+06
    8.505794e+06
    8.512347e+06
    8.518900e+06
    8.525453e+06
    8.532006e+06
    8.538559e+06
    8.545112e+06
    8.551665e+06
    8.558218e+06
    8.564771e+06
    8.571324e+06
    8.577877e+06
    8.584430e+06
    8.590983e+06
    8.597536e+06
    8.604089e+06
    8.610642e+06
    8.617195e+06
    8.623748e+06
    8.630301e+06
    8.636854e+06
    8.643407e+06
    8.649960e+06
    8.656513e+06
    8.663066e+06
    8.669619e+06
    8.676172e+06
    8.682725e+06
    8.689278e+06
    8.695831e+06
    8.702384e+06
    8.708937e+06
    8.715490e+06
    8.722043e+06
    8.728596e+06
    8.735149e+06
    8.741702e+06
    8.748255e+06
    8.754808e+06
    8.761361e+06
    8.767914e+06
    8.774467e+06
    8.781020e+06
    8.787573e+06
    8.794126e+06
    8.800679e+06
    8.807232e+06
    8.813785e+06
    8.820338e+06
    8.826891e+06
    8.833444e+06
    8.839997e+06
    8.846550e+06
    8.853103e+06
    8.859656e+06
    8.866209e+06
    8.872762e+06
    8.879315e+06
    8.885868e+06
    8.892421e+06
    8.898974e+06
    8.905527e+06
    8.912080e+06
    8.918633e+06
    8.925186e+06
    8.931739e+06
    8.938292e+06
    8.944845e+06
    8.951398e+06
    8.957951e+06
    8.964504e+06
    8.971057e+06
    8.977610e+06
    8.984163e+06
    8.990716e+06
    8.997269e+06
    9.003822e+06
    9.010375e+06
    9.016928e+06
    9.023481e+06
    9.030034e+06
    9.036587e+06
    9.043140e+06
    9.049693e+06
    9.056246e+06
    9.062799e+06
    9.069352e+06
    9.075905e+06
    9.082458e+06
    9.089011e+06
    9.095564e+06
    9.102117e+06
    9.108670e+06
    9.115223e+06
    9.121776e+06
    9.128329e+06
    9.134882e+06
    9.141435e+06
    9.147988e+06
    9.154541e+06
    9.161094e+06
    9.167647e+06
    9.174200e+06
    9.180753e+06
    9.187306e+06
    9.193859e+06
    9.200412e+06
    9.206965e+06
    9.213518e+06
    9.220071e+06
    9.226624e+06
    9.233177e+06
    9.239730e+06
    9.246283e+06
    9.252836e+06
    9.259389e+06
    9.265942e+06
    9.272495e+06
    9.279048e+06
    9.285601e+06
    9.292154e+06
    9.298707e+06
    9.305260e+06
    9.311813e+06
    9.318366e+06
    9.324919e+06
    9.331472e+06
    9.338025e+06
    9.344578e+06
    9.351131e+06
    9.357684e+06
    9.364237e+06
    9.370790e+06
    9.377343e+06
    9.383896e+06
    9.390449e+06
    9.397002e+06
    9.403555e+06
    9.410108e+06
    9.416661e+06
    9.423214e+06
    9.429767e+06
    9.436320e+06
    9.442873e+06
    9.449426e+06
    9.455979e+06
    9.462532e+06
    9.469085e+06
    9.475638e+06
    9.482191e+06
    9.488744e+06
    9.495297e+06
    9.501850e+06
    9.508403e+06
    9.514956e+06
    9.521509e+06
    9.528062e+06
    9.534615e+06
    9.541168e+06
    9.547721e+06
    9.554274e+06
    9.560827e+06
    9.567380e+06
    9.573933e+06
    9.580486e+06
    9.587039e+06
    9.593592e+06
    9.600145e+06
    9.606698e+06
    9.613251e+06
    9.619804e+06
    9.626357e+06
    9.632910e+06
    9.639463e+06
    9.646016e+06
    9.652569e+06
    9.659122e+06
    9.665675e+06
    9.672228e+06
    9.678781e+06
    9.685334e+06
    9.691887e+06
    9.698440e+06
    9.704993e+06
    9.711546e+06
    9.718099e+06
    9.724652e+06
    9.731205e+06
    9.737758e+06
    9.744311e+06
    9.750864e+06
    9.757417e+06
    9.763970e+06
    9.770523e+06
    9.777076e+06
    9.783629e+06
    9.790182e+06
    9.796735e+06
    9.803288e+06
    9.809841e+06
    9.816394e+06
    9.822947e+06
    9.829500e+06
    9.836053e+06
    9.842606e+06
    9.849159e+06
    9.855712e+06
    9.862265e+06
    9.868818e+06
    9.875371e+06
    9.881924e+06
    9.888477e+06
    9.895030e+06
    9.901583e+06
    9.908136e+06
    9.914689e+06
    9.921242e+06
    9.927795e+06
    9.934348e+06
    9.940901e+06
    9.947454e+06
    9.954007e+06
    9.960560e+06
    9.967113e+06
    9.973666e+06
    9.980219e+06
    9.986772e+06
    9.993325e+06
    9.999878e+06
    1.000643e+07
    1.001298e+07
    1.001954e+07
    1.002609e+07
    1.003264e+07
    1.003920e+07
    1.004575e+07
    1.005230e+07
    1.005886e+07
    1.006541e+07
    1.007196e+07
    1.007851e+07
    1.008507e+07
    1.009162e+07
    1.009817e+07
    1.010473e+07
    1.011128e+07
    1.011783e+07
    1.012438e+07
    1.013094e+07
    1.013749e+07
    1.014404e+07
    1.015060e+07
    1.015715e+07
    1.016370e+07
    1.017026e+07
    1.017681e+07
    1.018336e+07
    1.018992e+07
    1.019647e+07
    1.020302e+07
    1.020957e+07
    1.021613e+07
    1.022268e+07
    1.022923e+07
    1.023579e+07
    1.024234e+07
    1.024889e+07
    1.025544e+07
    1.026200e+07
    1.026855e+07
    1.027510e+07
    1.028166e+07
    1.028821e+07
    1.029476e+07
    1.030132e+07
    1.030787e+07
    1.031442e+07
    1.032098e+07
    1.032753e+07
    1.033408e+07
    1.034063e+07
    1.034719e+07
    1.035374e+07
    1.036029e+07
    1.036685e+07
    1.037340e+07
    1.037995e+07
    1.038650e+07
    1.039306e+07
    1.039961e+07
    1.040616e+07
    1.041272e+07
    1.041927e+07
    1.042582e+07
    1.043238e+07
    1.043893e+07
    1.044548e+07
    1.045204e+07
    1.045859e+07
    1.046514e+07
    1.047169e+07
    1.047825e+07
    1.048480e+07
    1.049135e+07
    1.049791e+07
    1.050446e+07
    1.051101e+07
    1.051756e+07
    1.052412e+07
    1.053067e+07
    1.053722e+07
    1.054378e+07
    1.055033e+07
    1.055688e+07
    1.056344e+07
    1.056999e+07
    1.057654e+07
    1.058310e+07
    1.058965e+07
    1.059620e+07
    1.060275e+07
    1.060931e+07
    1.061586e+07
    1.062241e+07
    1.062897e+07
    1.063552e+07
    1.064207e+07
    1.064862e+07
    1.065518e+07
    1.066173e+07
    1.066828e+07
    1.067484e+07
    1.068139e+07
    1.068794e+07
    1.069450e+07
    1.070105e+07
    1.070760e+07
    1.071416e+07
    1.072071e+07
    1.072726e+07
    1.073381e+07
    1.074037e+07
    1.074692e+07
    1.075347e+07
    1.076003e+07
    1.076658e+07
    1.077313e+07
    1.077968e+07
    1.078624e+07
    1.079279e+07
    1.079934e+07
    1.080590e+07
    1.081245e+07
    1.081900e+07
    1.082556e+07
    1.083211e+07
    1.083866e+07
    1.084522e+07
    1.085177e+07
    1.085832e+07
    1.086487e+07
    1.087143e+07
    1.087798e+07
    1.088453e+07
    1.089109e+07
    1.089764e+07
    1.090419e+07
    1.091074e+07
    1.091730e+07
    1.092385e+07
    1.093040e+07
    1.093696e+07
    1.094351e+07
    1.095006e+07
    1.095662e+07
    1.096317e+07
    1.096972e+07
    1.097628e+07
    1.098283e+07
    1.098938e+07
    1.099593e+07
    1.100249e+07
    1.100904e+07
    1.101559e+07
    1.102215e+07
    1.102870e+07
    1.103525e+07
    1.104180e+07
    1.104836e+07
    1.105491e+07
    1.106146e+07
    1.106802e+07
    1.107457e+07
    1.108112e+07
    1.108768e+07
    1.109423e+07
    1.110078e+07
    1.110734e+07
    1.111389e+07
    1.112044e+07
    1.112699e+07
    1.113355e+07
    1.114010e+07
    1.114665e+07
    1.115321e+07
    1.115976e+07
    1.116631e+07
    1.117286e+07
    1.117942e+07
    1.118597e+07
    1.119252e+07
    1.119908e+07
    1.120563e+07
    1.121218e+07
    1.121874e+07
    1.122529e+07
    1.123184e+07
    1.123840e+07
    1.124495e+07
    1.125150e+07
    1.125805e+07
    1.126461e+07
    1.127116e+07
    1.127771e+07
    1.128427e+07
    1.129082e+07
    1.129737e+07
    1.130392e+07
    1.131048e+07
    1.131703e+07
    1.132358e+07
    1.133014e+07
    1.133669e+07
    1.134324e+07
    1.134980e+07
    1.135635e+07
    1.136290e+07
    1.136946e+07
    1.137601e+07
    1.138256e+07
    1.138911e+07
    1.139567e+07
    1.140222e+07
    1.140877e+07
    1.141533e+07
    1.142188e+07
    1.142843e+07
    1.143498e+07
    1.144154e+07
    1.144809e+07
    1.145464e+07
    1.146120e+07
    1.146775e+07
    1.147430e+07
    1.148086e+07
    1.148741e+07
    1.149396e+07
    1.150052e+07
    1.150707e+07
    1.151362e+07
    1.152017e+07
    1.152673e+07
    1.153328e+07
    1.153983e+07
    1.154639e+07
    1.155294e+07
    1.155949e+07
    1.156604e+07
    1.157260e+07
    1.157915e+07
    1.158570e+07
    1.159226e+07
    1.159881e+07
    1.160536e+07
    1.161192e+07
    1.161847e+07
    1.162502e+07
    1.163158e+07
    1.163813e+07
    1.164468e+07
    1.165123e+07
    1.165779e+07
    1.166434e+07
    1.167089e+07
    1.167745e+07
    1.168400e+07
    1.169055e+07
    1.169710e+07
    1.170366e+07
    1.171021e+07
    1.171676e+07
    1.172332e+07
    1.172987e+07
    1.173642e+07
    1.174298e+07
    1.174953e+07
    1.175608e+07
    1.176264e+07
    1.176919e+07
    1.177574e+07
    1.178229e+07
    1.178885e+07
    1.179540e+07
    1.180195e+07
    1.180851e+07
    1.181506e+07
    1.182161e+07
    1.182816e+07
    1.183472e+07
    1.184127e+07
    1.184782e+07
    1.185438e+07
    1.186093e+07
    1.186748e+07
    1.187404e+07
    1.188059e+07
    1.188714e+07
    1.189370e+07
    1.190025e+07
    1.190680e+07
    1.191335e+07
    1.191991e+07
    1.192646e+07
    1.193301e+07
    1.193957e+07
    1.194612e+07
    1.195267e+07
    1.195922e+07
    1.196578e+07
    1.197233e+07
    1.197888e+07
    1.198544e+07
    1.199199e+07
    1.199854e+07
    1.200510e+07
    1.201165e+07
    1.201820e+07
    1.202476e+07
    1.203131e+07
    1.203786e+07
    1.204441e+07
    1.205097e+07
    1.205752e+07
    1.206407e+07
    1.207063e+07
    1.207718e+07
    1.208373e+07
    1.209028e+07
    1.209684e+07
    1.210339e+07
    1.210994e+07
    1.211650e+07
    1.212305e+07
    1.212960e+07
    1.213616e+07
    1.214271e+07
    1.214926e+07
    1.215582e+07
    1.216237e+07
    1.216892e+07
    1.217547e+07
    1.218203e+07
    1.218858e+07
    1.219513e+07
    1.220169e+07
    1.220824e+07
    1.221479e+07
    1.222134e+07
    1.222790e+07
    1.223445e+07
    1.224100e+07
    1.224756e+07
    1.225411e+07
    1.226066e+07
    1.226722e+07
    1.227377e+07
    1.228032e+07
    1.228688e+07
    1.229343e+07
    1.229998e+07
    1.230653e+07
    1.231309e+07
    1.231964e+07
    1.232619e+07
    1.233275e+07
    1.233930e+07
    1.234585e+07
    1.235240e+07
    1.235896e+07
    1.236551e+07
    1.237206e+07
    1.237862e+07
    1.238517e+07
    1.239172e+07
    1.239828e+07
    1.240483e+07
    1.241138e+07
    1.241794e+07
    1.242449e+07
    1.243104e+07
    1.243759e+07
    1.244415e+07
    1.245070e+07
    1.245725e+07
    1.246381e+07
    1.247036e+07
    1.247691e+07
    1.248346e+07
    1.249002e+07
    1.249657e+07
    1.250312e+07
    1.250968e+07
    1.251623e+07
    1.252278e+07
    1.252934e+07
    1.253589e+07
    1.254244e+07
    1.254900e+07
    1.255555e+07
    1.256210e+07
    1.256865e+07
    1.257521e+07
    1.258176e+07
    1.258831e+07
    1.259487e+07
    1.260142e+07
    1.260797e+07
    1.261452e+07
    1.262108e+07
    1.262763e+07
    1.263418e+07
    1.264074e+07
    1.264729e+07
    1.265384e+07
    1.266040e+07
    1.266695e+07
    1.267350e+07
    1.268006e+07
    1.268661e+07
    1.269316e+07
    1.269971e+07
    1.270627e+07
    1.271282e+07
    1.271937e+07
    1.272593e+07
    1.273248e+07
    1.273903e+07
    1.274558e+07
    1.275214e+07
    1.275869e+07
    1.276524e+07
    1.277180e+07
    1.277835e+07
    1.278490e+07
    1.279146e+07
    1.279801e+07
    1.280456e+07
    1.281112e+07
    1.281767e+07
    1.282422e+07
    1.283077e+07
    1.283733e+07
    1.284388e+07
    1.285043e+07
    1.285699e+07
    1.286354e+07
    1.287009e+07
    1.287664e+07
    1.288320e+07
    1.288975e+07
    1.289630e+07
    1.290286e+07
    1.290941e+07
    1.291596e+07
    1.292252e+07
    1.292907e+07
    1.293562e+07
    1.294218e+07
    1.294873e+07
    1.295528e+07
    1.296183e+07
    1.296839e+07
    1.297494e+07
    1.298149e+07
    1.298805e+07
    1.299460e+07
    1.300115e+07
    1.300770e+07
    1.301426e+07
    1.302081e+07
    1.302736e+07
    1.303392e+07
    1.304047e+07
    1.304702e+07
    1.305358e+07
    1.306013e+07
    1.306668e+07
    1.307324e+07
    1.307979e+07
    1.308634e+07
    1.309289e+07
    1.309945e+07
    1.310600e+07
    1.311255e+07
    1.311911e+07
    1.312566e+07
    1.313221e+07
    1.313876e+07
    1.314532e+07
    1.315187e+07
    1.315842e+07
    1.316498e+07
    1.317153e+07
    1.317808e+07
    1.318464e+07
    1.319119e+07
    1.319774e+07
    1.320430e+07
    1.321085e+07
    1.321740e+07
    1.322395e+07
    1.323051e+07
    1.323706e+07
    1.324361e+07
    1.325017e+07
    1.325672e+07
    1.326327e+07
    1.326982e+07
    1.327638e+07
    1.328293e+07
    1.328948e+07
    1.329604e+07
    1.330259e+07
    1.330914e+07
    1.331570e+07
    1.332225e+07
    1.332880e+07
    1.333536e+07
    1.334191e+07
    1.334846e+07
    1.335501e+07
    1.336157e+07
    1.336812e+07
    1.337467e+07
    1.338123e+07
    1.338778e+07
    1.339433e+07
    1.340088e+07
    1.340744e+07
    1.341399e+07
    1.342054e+07
    1.342710e+07
    1.343365e+07
    1.344020e+07
    1.344676e+07
    1.345331e+07
    1.345986e+07
    1.346642e+07
    1.347297e+07
    1.347952e+07
    1.348607e+07
    1.349263e+07
    1.349918e+07
    1.350573e+07
    1.351229e+07
    1.351884e+07
    1.352539e+07
    1.353194e+07
    1.353850e+07
    1.354505e+07
    1.355160e+07
    1.355816e+07
    1.356471e+07
    1.357126e+07
    1.357782e+07
    1.358437e+07
    1.359092e+07
    1.359748e+07
    1.360403e+07
    1.361058e+07
    1.361713e+07
    1.362369e+07
    1.363024e+07
    1.363679e+07
    1.364335e+07
    1.364990e+07
    1.365645e+07
    1.366300e+07
    1.366956e+07
    1.367611e+07
    1.368266e+07
    1.368922e+07
    1.369577e+07
    1.370232e+07
    1.370888e+07
    1.371543e+07
    1.372198e+07
    1.372854e+07
    1.373509e+07
    1.374164e+07
    1.374819e+07
    1.375475e+07
    1.376130e+07
    1.376785e+07
    1.377441e+07
    1.378096e+07
    1.378751e+07
    1.379406e+07
    1.380062e+07
    1.380717e+07
    1.381372e+07
    1.382028e+07
    1.382683e+07
    1.383338e+07
    1.383994e+07
    1.384649e+07
    1.385304e+07
    1.385960e+07
    1.386615e+07
    1.387270e+07
    1.387925e+07
    1.388581e+07
    1.389236e+07
    1.389891e+07
    1.390547e+07
    1.391202e+07
    1.391857e+07
    1.392512e+07
    1.393168e+07
    1.393823e+07
    1.394478e+07
    1.395134e+07
    1.395789e+07
    1.396444e+07
    1.397100e+07
    1.397755e+07
    1.398410e+07
    1.399066e+07
    1.399721e+07
    1.400376e+07
    1.401031e+07
    1.401687e+07
    1.402342e+07
    1.402997e+07
    1.403653e+07
    1.404308e+07
    1.404963e+07
    1.405618e+07
    1.406274e+07
    1.406929e+07
    1.407584e+07
    1.408240e+07
    1.408895e+07
    1.409550e+07
    1.410206e+07
    1.410861e+07
    1.411516e+07
    1.412172e+07
    1.412827e+07
    1.413482e+07
    1.414137e+07
    1.414793e+07
    1.415448e+07
    1.416103e+07
    1.416759e+07
    1.417414e+07
    1.418069e+07
    1.418724e+07
    1.419380e+07
    1.420035e+07
    1.420690e+07
    1.421346e+07
    1.422001e+07
    1.422656e+07
    1.423312e+07
    1.423967e+07
    1.424622e+07
    1.425278e+07
    1.425933e+07
    1.426588e+07
    1.427243e+07
    1.427899e+07
    1.428554e+07
    1.429209e+07
    1.429865e+07
    1.430520e+07
    1.431175e+07
    1.431830e+07
    1.432486e+07
    1.433141e+07
    1.433796e+07
    1.434452e+07
    1.435107e+07
    1.435762e+07
    1.436418e+07
    1.437073e+07
    1.437728e+07
    1.438384e+07
    1.439039e+07
    1.439694e+07
    1.440349e+07
    1.441005e+07
    1.441660e+07
    1.442315e+07
    1.442971e+07
    1.443626e+07
    1.444281e+07
    1.444936e+07
    1.445592e+07
    1.446247e+07
    1.446902e+07
    1.447558e+07
    1.448213e+07
    1.448868e+07
    1.449524e+07
    1.450179e+07
    1.450834e+07
    1.451490e+07
    1.452145e+07
    1.452800e+07
    1.453455e+07
    1.454111e+07
    1.454766e+07
    1.455421e+07
    1.456077e+07
    1.456732e+07
    1.457387e+07
    1.458042e+07
    1.458698e+07
    1.459353e+07
    1.460008e+07
    1.460664e+07
    1.461319e+07
    1.461974e+07
    1.462630e+07
    1.463285e+07
    1.463940e+07
    1.464596e+07
    1.465251e+07
    1.465906e+07
    1.466561e+07
    1.467217e+07
    1.467872e+07
    1.468527e+07
    1.469183e+07
    1.469838e+07
    1.470493e+07
    1.471148e+07
    1.471804e+07
    1.472459e+07
    1.473114e+07
    1.473770e+07
    1.474425e+07
    1.475080e+07
    1.475736e+07
    1.476391e+07
    1.477046e+07
    1.477702e+07
    1.478357e+07
    1.479012e+07
    1.479667e+07
    1.480323e+07
    1.480978e+07
    1.481633e+07
    1.482289e+07
    1.482944e+07
    1.483599e+07
    1.484254e+07
    1.484910e+07
    1.485565e+07
    1.486220e+07
    1.486876e+07
    1.487531e+07
    1.488186e+07
    1.488842e+07
    1.489497e+07
    1.490152e+07
    1.490808e+07
    1.491463e+07
    1.492118e+07
    1.492773e+07
    1.493429e+07
    1.494084e+07
    1.494739e+07
    1.495395e+07
    1.496050e+07
    1.496705e+07
    1.497360e+07
    1.498016e+07
    1.498671e+07
    1.499326e+07
    1.499982e+07
    1.500637e+07
    1.501292e+07
    1.501948e+07
    1.502603e+07
    1.503258e+07
    1.503914e+07
    1.504569e+07
    1.505224e+07
    1.505879e+07
    1.506535e+07
    1.507190e+07
    1.507845e+07
    1.508501e+07
    1.509156e+07
    1.509811e+07
    1.510466e+07
    1.511122e+07
    1.511777e+07
    1.512432e+07
    1.513088e+07
    1.513743e+07
    1.514398e+07
    1.515054e+07
    1.515709e+07
    1.516364e+07
    1.517020e+07
    1.517675e+07
    1.518330e+07
    1.518985e+07
    1.519641e+07
    1.520296e+07
    1.520951e+07
    1.521607e+07
    1.522262e+07
    1.522917e+07
    1.523572e+07
    1.524228e+07
    1.524883e+07
    1.525538e+07
    1.526194e+07
    1.526849e+07
    1.527504e+07
    1.528160e+07
    1.528815e+07
    1.529470e+07
    1.530126e+07
    1.530781e+07
    1.531436e+07
    1.532091e+07
    1.532747e+07
    1.533402e+07
    1.534057e+07
    1.534713e+07
    1.535368e+07
    1.536023e+07
    1.536678e+07
    1.537334e+07
    1.537989e+07
    1.538644e+07
    1.539300e+07
    1.539955e+07
    1.540610e+07
    1.541266e+07
    1.541921e+07
    1.542576e+07
    1.543232e+07
    1.543887e+07
    1.544542e+07
    1.545197e+07
    1.545853e+07
    1.546508e+07
    1.547163e+07
    1.547819e+07
    1.548474e+07
    1.549129e+07
    1.549784e+07
    1.550440e+07
    1.551095e+07
    1.551750e+07
    1.552406e+07
    1.553061e+07
    1.553716e+07
    1.554372e+07
    1.555027e+07
    1.555682e+07
    1.556338e+07
    1.556993e+07
    1.557648e+07
    1.558303e+07
    1.558959e+07
    1.559614e+07
    1.560269e+07
    1.560925e+07
    1.561580e+07
    1.562235e+07
    1.562890e+07
    1.563546e+07
    1.564201e+07
    1.564856e+07
    1.565512e+07
    1.566167e+07
    1.566822e+07
    1.567478e+07
    1.568133e+07
    1.568788e+07
    1.569444e+07
    1.570099e+07
    1.570754e+07
    1.571409e+07
    1.572065e+07
    1.572720e+07
    1.573375e+07
    1.574031e+07
    1.574686e+07
    1.575341e+07
    1.575996e+07
    1.576652e+07
    1.577307e+07
    1.577962e+07
    1.578618e+07
    1.579273e+07
    1.579928e+07
    1.580584e+07
    1.581239e+07
    1.581894e+07
    1.582550e+07
    1.583205e+07
    1.583860e+07
    1.584515e+07
    1.585171e+07
    1.585826e+07
    1.586481e+07
    1.587137e+07
    1.587792e+07
    1.588447e+07
    1.589102e+07
    1.589758e+07
    1.590413e+07
    1.591068e+07
    1.591724e+07
    1.592379e+07
    1.593034e+07
    1.593690e+07
    1.594345e+07
    1.595000e+07
    1.595656e+07
    1.596311e+07
    1.596966e+07
    1.597621e+07
    1.598277e+07
    1.598932e+07
    1.599587e+07
    1.600243e+07
    1.600898e+07
    1.601553e+07
    1.602208e+07
    1.602864e+07
    1.603519e+07
    1.604174e+07
    1.604830e+07
    1.605485e+07
    1.606140e+07
    1.606796e+07
    1.607451e+07
    1.608106e+07
    1.608762e+07
    1.609417e+07
    1.610072e+07
    1.610727e+07
    1.611383e+07
    1.612038e+07
    1.612693e+07
    1.613349e+07
    1.614004e+07
    1.614659e+07
    1.615314e+07
    1.615970e+07
    1.616625e+07
    1.617280e+07
    1.617936e+07
    1.618591e+07
    1.619246e+07
    1.619902e+07
    1.620557e+07
    1.621212e+07
    1.621868e+07
    1.622523e+07
    1.623178e+07
    1.623833e+07
    1.624489e+07
    1.625144e+07
    1.625799e+07
    1.626455e+07
    1.627110e+07
    1.627765e+07
    1.628420e+07
    1.629076e+07
    1.629731e+07
    1.630386e+07
    1.631042e+07
    1.631697e+07
    1.632352e+07
    1.633008e+07
    1.633663e+07
    1.634318e+07
    1.634974e+07
    1.635629e+07
    1.636284e+07
    1.636939e+07
    1.637595e+07
    1.638250e+07
    1.638905e+07
    1.639561e+07
    1.640216e+07
    1.640871e+07
    1.641526e+07
    1.642182e+07
    1.642837e+07
    1.643492e+07
    1.644148e+07
    1.644803e+07
    1.645458e+07
    1.646114e+07
    1.646769e+07
    1.647424e+07
    1.648080e+07
    1.648735e+07
    1.649390e+07
    1.650045e+07
    1.650701e+07
    1.651356e+07
    1.652011e+07
    1.652667e+07
    1.653322e+07
    1.653977e+07
    1.654632e+07
    1.655288e+07
    1.655943e+07
    1.656598e+07
    1.657254e+07
    1.657909e+07
    1.658564e+07
    1.659220e+07
    1.659875e+07
    1.660530e+07
    1.661186e+07
    1.661841e+07
    1.662496e+07
    1.663151e+07
    1.663807e+07
    1.664462e+07
    1.665117e+07
    1.665773e+07
    1.666428e+07
    1.667083e+07
    1.667738e+07
    1.668394e+07
    1.669049e+07
    1.669704e+07
    1.670360e+07
    1.671015e+07
    1.671670e+07
    1.672326e+07
    1.672981e+07
    1.673636e+07
    1.674292e+07
    1.674947e+07
    1.675602e+07
    1.676257e+07
    1.676913e+07
    1.677568e+07
    1.678223e+07
    1.678879e+07
    1.679534e+07
    1.680189e+07
    1.680844e+07
    1.681500e+07
    1.682155e+07
    1.682810e+07
    1.683466e+07
    1.684121e+07
    1.684776e+07
    1.685432e+07
    1.686087e+07
    1.686742e+07
    1.687398e+07
    1.688053e+07
    1.688708e+07
    1.689363e+07
    1.690019e+07
    1.690674e+07
    1.691329e+07
    1.691985e+07
    1.692640e+07
    1.693295e+07
    1.693950e+07
    1.694606e+07
    1.695261e+07
    1.695916e+07
    1.696572e+07
    1.697227e+07
    1.697882e+07
    1.698538e+07
    1.699193e+07
    1.699848e+07
    1.700504e+07
    1.701159e+07
    1.701814e+07
    1.702469e+07
    1.703125e+07
    1.703780e+07
    1.704435e+07
    1.705091e+07
    1.705746e+07
    1.706401e+07
    1.707056e+07
    1.707712e+07
    1.708367e+07
    1.709022e+07
    1.709678e+07
    1.710333e+07
    1.710988e+07
    1.711644e+07
    1.712299e+07
    1.712954e+07
    1.713610e+07
    1.714265e+07
    1.714920e+07
    1.715575e+07
    1.716231e+07
    1.716886e+07
    1.717541e+07
    1.718197e+07
    1.718852e+07
    1.719507e+07
    1.720162e+07
    1.720818e+07
    1.721473e+07
    1.722128e+07
    1.722784e+07
    1.723439e+07
    1.724094e+07
    1.724750e+07
    1.725405e+07
    1.726060e+07
    1.726716e+07
    1.727371e+07
    1.728026e+07
    1.728681e+07
    1.729337e+07
    1.729992e+07
    1.730647e+07
    1.731303e+07
    1.731958e+07
    1.732613e+07
    1.733268e+07
    1.733924e+07
    1.734579e+07
    1.735234e+07
    1.735890e+07
    1.736545e+07
    1.737200e+07
    1.737856e+07
    1.738511e+07
    1.739166e+07
    1.739822e+07
    1.740477e+07
    1.741132e+07
    1.741787e+07
    1.742443e+07
    1.743098e+07
    1.743753e+07
    1.744409e+07
    1.745064e+07
    1.745719e+07
    1.746374e+07
    1.747030e+07
    1.747685e+07
    1.748340e+07
    1.748996e+07
    1.749651e+07
    1.750306e+07
    1.750962e+07
    1.751617e+07
    1.752272e+07
    1.752928e+07
    1.753583e+07
    1.754238e+07
    1.754893e+07
    1.755549e+07
    1.756204e+07
    1.756859e+07
    1.757515e+07
    1.758170e+07
    1.758825e+07
    1.759480e+07
    1.760136e+07
    1.760791e+07
    1.761446e+07
    1.762102e+07
    1.762757e+07
    1.763412e+07
    1.764068e+07
    1.764723e+07
    1.765378e+07
    1.766034e+07
    1.766689e+07
    1.767344e+07
    1.767999e+07
    1.768655e+07
    1.769310e+07
    1.769965e+07
    1.770621e+07
    1.771276e+07
    1.771931e+07
    1.772586e+07
    1.773242e+07
    1.773897e+07
    1.774552e+07
    1.775208e+07
    1.775863e+07
    1.776518e+07
    1.777174e+07
    1.777829e+07
    1.778484e+07
    1.779140e+07
    1.779795e+07
    1.780450e+07
    1.781105e+07
    1.781761e+07
    1.782416e+07
    1.783071e+07
    1.783727e+07
    1.784382e+07
    1.785037e+07
    1.785692e+07
    1.786348e+07
    1.787003e+07
    1.787658e+07
    1.788314e+07
    1.788969e+07
    1.789624e+07
    1.790280e+07
    1.790935e+07
    1.791590e+07
    1.792246e+07
    1.792901e+07
    1.793556e+07
    1.794211e+07
    1.794867e+07
    1.795522e+07
    1.796177e+07
    1.796833e+07
    1.797488e+07
    1.798143e+07
    1.798798e+07
    1.799454e+07
    1.800109e+07
    1.800764e+07
    1.801420e+07
    1.802075e+07
    1.802730e+07
    1.803386e+07
    1.804041e+07
    1.804696e+07
    1.805352e+07
    1.806007e+07
    1.806662e+07
    1.807317e+07
    1.807973e+07
    1.808628e+07
    1.809283e+07
    1.809939e+07
    1.810594e+07
    1.811249e+07
    1.811904e+07
    1.812560e+07
    1.813215e+07
    1.813870e+07
    1.814526e+07
    1.815181e+07
    1.815836e+07
    1.816492e+07
    1.817147e+07
    1.817802e+07
    1.818458e+07
    1.819113e+07
    1.819768e+07
    1.820423e+07
    1.821079e+07
    1.821734e+07
    1.822389e+07
    1.823045e+07
    1.823700e+07
    1.824355e+07
    1.825010e+07
    1.825666e+07
    1.826321e+07
    1.826976e+07
    1.827632e+07
    1.828287e+07
    1.828942e+07
    1.829598e+07
    1.830253e+07
    1.830908e+07
    1.831564e+07
    1.832219e+07
    1.832874e+07
    1.833529e+07
    1.834185e+07
    1.834840e+07
    1.835495e+07
    1.836151e+07
    1.836806e+07
    1.837461e+07
