        3.188527e+07
        3.188527e+07
        3.103224e+07
        3.103224e+07
        3.017981e+07
        3.017981e+07
        2.932801e+07
        2.932801e+07
        2.847691e+07
        2.847691e+07
        2.762658e+07
        2.762658e+07
        2.677708e+07
        2.677708e+07
        2.592849e+07
        2.592849e+07
        2.508092e+07
        2.508092e+07
        2.423445e+07
        2.423445e+07
        2.338923e+07
        2.338923e+07
        2.254538e+07
        2.254538e+07
        2.170308e+07
        2.170308e+07
        2.086248e+07
        2.086248e+07
        2.002384e+07
        2.002384e+07
        1.918738e+07
        1.918738e+07
        1.835342e+07
        1.835342e+07
        1.752230e+07
        1.752230e+07
        1.669447e+07
        1.669447e+07
        1.587042e+07
        1.587042e+07
        1.505078e+07
        1.505078e+07
        1.423631e+07
        1.423631e+07
        1.342796e+07
        1.342796e+07
        1.262688e+07
        1.262688e+07
        1.183458e+07
        1.183458e+07
        1.105293e+07
        1.105293e+07
        1.028436e+07
        1.028436e+07
        9.532033e+06
        9.532033e+06
        8.800119e+06
        8.800119e+06
        8.094158e+06
        8.094158e+06
        7.421558e+06
        7.421558e+06
        6.792237e+06
        6.792237e+06
        6.219346e+06
        6.219346e+06
        5.719872e+06
        5.719872e+06
        5.314547e+06
        5.314547e+06
        5.026202e+06
        5.026202e+06
        4.875643e+06
        4.875643e+06
        4.875643e+06
        4.875643e+06
        5.026202e+06
        5.026202e+06
        5.314547e+06
        5.314547e+06
        5.719872e+06
        5.719872e+06
        6.219346e+06
        6.219346e+06
        6.792237e+06
        6.792237e+06
        7.421558e+06
        7.421558e+06
        8.094158e+06
        8.094158e+06
        8.800119e+06
        8.800119e+06
        9.532033e+06
        9.532033e+06
        1.028436e+07
        1.028436e+07
        1.105293e+07
        1.105293e+07
        1.183458e+07
        1.183458e+07
        1.262688e+07
        1.262688e+07
        1.342796e+07
        1.342796e+07
        1.423631e+07
        1.423631e+07
        1.505078e+07
        1.505078e+07
        1.587042e+07
        1.587042e+07
        1.669447e+07
        1.669447e+07
        1.752230e+07
        1.752230e+07
        1.835342e+07
        1.835342e+07
        1.918738e+07
        1.918738e+07
        2.002384e+07
        2.002384e+07
        2.086248e+07
        2.086248e+07
        2.170308e+07
        2.170308e+07
        2.254538e+07
        2.254538e+07
        2.338923e+07
        2.338923e+07
        2.423445e+07
        2.423445e+07
        2.508092e+07
        2.508092e+07
        2.592849e+07
        2.592849e+07
        2.677708e+07
        2.677708e+07
        2.762658e+07
        2.762658e+07
        2.847691e+07
        2.847691e+07
        2.932801e+07
        2.932801e+07
        3.017981e+07
        3.017981e+07
        3.103224e+07
        3.103224e+07
        3.188527e+07
        3.188527e+07
        3.273883e+07
        3.273883e+07
        3.359290e+07
        3.231199e+07
        3.316581e+07
        3.188527e+07
        3.273883e+07
        3.145868e+07
        3.231199e+07
        3.103224e+07
        3.188527e+07
        3.060595e+07
        3.145868e+07
        3.017981e+07
        3.103224e+07
        2.975383e+07
        3.060595e+07
        2.932801e+07
        3.017981e+07
        2.890237e+07
        2.975383e+07
        2.847691e+07
        2.932801e+07
        2.805165e+07
        2.890237e+07
        2.762658e+07
        2.847691e+07
        2.720172e+07
        2.805165e+07
        2.677708e+07
        2.762658e+07
        2.635267e+07
        2.720172e+07
        2.592849e+07
        2.677708e+07
        2.550457e+07
        2.635267e+07
        2.508092e+07
        2.592849e+07
        2.465754e+07
        2.550457e+07
        2.423445e+07
        2.508092e+07
        2.381168e+07
        2.465754e+07
        2.338923e+07
        2.423445e+07
        2.296713e+07
        2.381168e+07
        2.254538e+07
        2.338923e+07
        2.212403e+07
        2.296713e+07
        2.170308e+07
        2.254538e+07
        2.128255e+07
        2.212403e+07
        2.086248e+07
        2.170308e+07
        2.044291e+07
        2.128255e+07
        2.002384e+07
        2.086248e+07
        1.960532e+07
        2.044291e+07
        1.918738e+07
        2.002384e+07
        1.877007e+07
        1.960532e+07
        1.835342e+07
        1.918738e+07
        1.793748e+07
        1.877007e+07
        1.752230e+07
        1.835342e+07
        1.710795e+07
        1.793748e+07
        1.669447e+07
        1.752230e+07
        1.628193e+07
        1.710795e+07
        1.587042e+07
        1.669447e+07
        1.546000e+07
        1.628193e+07
        1.505078e+07
        1.587042e+07
        1.464284e+07
        1.546000e+07
        1.423631e+07
        1.505078e+07
        1.383130e+07
        1.464284e+07
        1.342796e+07
        1.423631e+07
        1.302642e+07
        1.383130e+07
        1.262688e+07
        1.342796e+07
        1.222953e+07
        1.302642e+07
        1.183458e+07
        1.262688e+07
        1.144229e+07
        1.222953e+07
        1.105293e+07
        1.183458e+07
        1.066683e+07
        1.144229e+07
        1.028436e+07
        1.105293e+07
        9.905931e+06
        1.066683e+07
        9.532033e+06
        1.028436e+07
        9.163215e+06
        9.905931e+06
        8.800119e+06
        9.532033e+06
        8.443485e+06
        9.163215e+06
        8.094158e+06
        8.800119e+06
        7.753135e+06
        8.443485e+06
        7.421558e+06
        8.094158e+06
        7.100753e+06
        7.753135e+06
        6.792237e+06
        7.421558e+06
        6.497772e+06
        7.100753e+06
        6.219346e+06
        6.792237e+06
        5.959215e+06
        6.497772e+06
        5.719872e+06
        6.219346e+06
        5.504028e+06
        5.959215e+06
        5.314547e+06
        5.719872e+06
        5.154341e+06
        5.504028e+06
        5.026202e+06
        5.314547e+06
        4.932644e+06
        5.154341e+06
        4.875643e+06
        5.026202e+06
        4.856495e+06
        4.932644e+06
        4.932644e+06
        5.154341e+06
        5.154341e+06
        5.504028e+06
        5.504028e+06
        5.959215e+06
        5.959215e+06
        6.497772e+06
        6.497772e+06
        7.100753e+06
        7.100753e+06
        7.753135e+06
        7.753135e+06
        8.443485e+06
        8.443485e+06
        9.163215e+06
        9.163215e+06
        9.905931e+06
        9.905931e+06
        1.066683e+07
        1.066683e+07
        1.144229e+07
        1.144229e+07
        1.222953e+07
        1.222953e+07
        1.302642e+07
        1.302642e+07
        1.383130e+07
        1.383130e+07
        1.464284e+07
        1.464284e+07
        1.546000e+07
        1.546000e+07
        1.628193e+07
        1.628193e+07
        1.710795e+07
        1.710795e+07
        1.793748e+07
        1.793748e+07
        1.877007e+07
        1.877007e+07
        1.960532e+07
        1.960532e+07
        2.044291e+07
        2.044291e+07
        2.128255e+07
        2.128255e+07
        2.212403e+07
        2.212403e+07
        2.296713e+07
        2.296713e+07
        2.381168e+07
        2.381168e+07
        2.465754e+07
        2.465754e+07
        2.550457e+07
        2.550457e+07
        2.635267e+07
        2.635267e+07
