   -1.173094e+07
   -1.166541e+07
   -1.159987e+07
   -1.153434e+07
   -1.146880e+07
   -1.140326e+07
   -1.133773e+07
   -1.127219e+07
   -1.120666e+07
   -1.114112e+07
   -1.107558e+07
   -1.101005e+07
   -1.094451e+07
   -1.087898e+07
   -1.081344e+07
   -1.074790e+07
   -1.068237e+07
   -1.061683e+07
   -1.055130e+07
   -1.048576e+07
   -1.042022e+07
   -1.035469e+07
   -1.028915e+07
   -1.022362e+07
   -1.015808e+07
   -1.009254e+07
   -1.002701e+07
   -9.961472e+06
   -9.895936e+06
   -9.830400e+06
   -9.764864e+06
   -9.699328e+06
   -9.633792e+06
   -9.568256e+06
   -9.502720e+06
   -9.437184e+06
   -9.371648e+06
   -9.306112e+06
   -9.240576e+06
   -9.175040e+06
   -9.109504e+06
   -9.043968e+06
   -8.978432e+06
   -8.912896e+06
   -8.847360e+06
   -8.781824e+06
   -8.716288e+06
   -8.650752e+06
   -8.585216e+06
   -8.519680e+06
   -8.454144e+06
   -8.388608e+06
   -8.323072e+06
   -8.257536e+06
   -8.192000e+06
   -8.126464e+06
   -8.060928e+06
   -7.995392e+06
   -7.929856e+06
   -7.864320e+06
   -7.798784e+06
   -7.733248e+06
   -7.667712e+06
   -7.602176e+06
   -7.536640e+06
   -7.471104e+06
   -7.405568e+06
   -7.340032e+06
   -7.274496e+06
   -7.208960e+06
   -7.143424e+06
   -7.077888e+06
   -7.012352e+06
   -6.946816e+06
   -6.881280e+06
   -6.815744e+06
   -6.750208e+06
   -6.684672e+06
   -6.619136e+06
   -6.553600e+06
   -6.488064e+06
   -6.422528e+06
   -6.356992e+06
   -6.291456e+06
   -6.225920e+06
   -6.160384e+06
   -6.094848e+06
   -6.029312e+06
   -5.963776e+06
   -5.898240e+06
   -5.832704e+06
   -5.767168e+06
   -5.701632e+06
   -5.636096e+06
   -5.570560e+06
   -5.505024e+06
   -5.439488e+06
   -5.373952e+06
   -5.308416e+06
   -5.242880e+06
   -5.177344e+06
   -5.111808e+06
   -5.046272e+06
   -4.980736e+06
   -4.915200e+06
   -4.849664e+06
   -4.784128e+06
   -4.718592e+06
   -4.653056e+06
   -4.587520e+06
   -4.521984e+06
   -4.456448e+06
   -4.390912e+06
   -4.325376e+06
   -4.259840e+06
   -4.194304e+06
   -4.128768e+06
   -4.063232e+06
   -3.997696e+06
   -3.932160e+06
   -3.866624e+06
   -3.801088e+06
   -3.735552e+06
   -3.670016e+06
   -3.604480e+06
   -3.538944e+06
   -3.473408e+06
   -3.407872e+06
   -3.342336e+06
   -3.276800e+06
   -3.211264e+06
   -3.145728e+06
   -3.080192e+06
   -3.014656e+06
   -2.949120e+06
   -2.883584e+06
   -2.818048e+06
   -2.752512e+06
   -2.686976e+06
   -2.621440e+06
   -2.555904e+06
   -2.490368e+06
   -2.424832e+06
   -2.359296e+06
   -2.293760e+06
   -2.228224e+06
   -2.162688e+06
   -2.097152e+06
   -2.031616e+06
   -1.966080e+06
   -1.900544e+06
   -1.835008e+06
   -1.769472e+06
   -1.703936e+06
   -1.638400e+06
   -1.572864e+06
   -1.507328e+06
   -1.441792e+06
   -1.376256e+06
   -1.310720e+06
   -1.245184e+06
   -1.179648e+06
   -1.114112e+06
   -1.048576e+06
   -9.830400e+05
   -9.175040e+05
   -8.519680e+05
   -7.864320e+05
   -7.208960e+05
   -6.553600e+05
   -5.898240e+05
   -5.242880e+05
   -4.587520e+05
   -3.932160e+05
   -3.276800e+05
   -2.621440e+05
   -1.966080e+05
   -1.310720e+05
   -6.553600e+04
    0.000000e+00
    6.553600e+04
    1.310720e+05
    1.966080e+05
    2.621440e+05
    3.276800e+05
    3.932160e+05
    4.587520e+05
    5.242880e+05
    5.898240e+05
    6.553600e+05
    7.208960e+05
    7.864320e+05
    8.519680e+05
    9.175040e+05
    9.830400e+05
    1.048576e+06
    1.114112e+06
    1.179648e+06
    1.245184e+06
    1.310720e+06
    1.376256e+06
    1.441792e+06
    1.507328e+06
    1.572864e+06
    1.638400e+06
    1.703936e+06
    1.769472e+06
    1.835008e+06
    1.900544e+06
    1.966080e+06
    2.031616e+06
    2.097152e+06
    2.162688e+06
    2.228224e+06
    2.293760e+06
    2.359296e+06
    2.424832e+06
    2.490368e+06
    2.555904e+06
    2.621440e+06
    2.686976e+06
    2.752512e+06
    2.818048e+06
    2.883584e+06
    2.949120e+06
    3.014656e+06
    3.080192e+06
    3.145728e+06
    3.211264e+06
    3.276800e+06
    3.342336e+06
    3.407872e+06
    3.473408e+06
    3.538944e+06
    3.604480e+06
    3.670016e+06
    3.735552e+06
    3.801088e+06
    3.866624e+06
    3.932160e+06
    3.997696e+06
    4.063232e+06
    4.128768e+06
    4.194304e+06
    4.259840e+06
    4.325376e+06
    4.390912e+06
    4.456448e+06
    4.521984e+06
    4.587520e+06
    4.653056e+06
    4.718592e+06
    4.784128e+06
    4.849664e+06
    4.915200e+06
    4.980736e+06
    5.046272e+06
    5.111808e+06
    5.177344e+06
    5.242880e+06
    5.308416e+06
    5.373952e+06
    5.439488e+06
    5.505024e+06
    5.570560e+06
    5.636096e+06
    5.701632e+06
    5.767168e+06
    5.832704e+06
    5.898240e+06
    5.963776e+06
    6.029312e+06
    6.094848e+06
    6.160384e+06
    6.225920e+06
    6.291456e+06
    6.356992e+06
    6.422528e+06
    6.488064e+06
    6.553600e+06
    6.619136e+06
    6.684672e+06
    6.750208e+06
    6.815744e+06
    6.881280e+06
    6.946816e+06
    7.012352e+06
    7.077888e+06
    7.143424e+06
    7.208960e+06
    7.274496e+06
    7.340032e+06
    7.405568e+06
    7.471104e+06
    7.536640e+06
    7.602176e+06
    7.667712e+06
    7.733248e+06
    7.798784e+06
    7.864320e+06
    7.929856e+06
    7.995392e+06
    8.060928e+06
    8.126464e+06
    8.192000e+06
    8.257536e+06
    8.323072e+06
    8.388608e+06
    8.454144e+06
    8.519680e+06
    8.585216e+06
    8.650752e+06
    8.716288e+06
    8.781824e+06
    8.847360e+06
    8.912896e+06
    8.978432e+06
    9.043968e+06
    9.109504e+06
    9.175040e+06
    9.240576e+06
    9.306112e+06
    9.371648e+06
    9.437184e+06
    9.502720e+06
    9.568256e+06
    9.633792e+06
    9.699328e+06
    9.764864e+06
    9.830400e+06
    9.895936e+06
    9.961472e+06
    1.002701e+07
    1.009254e+07
    1.015808e+07
    1.022362e+07
    1.028915e+07
    1.035469e+07
    1.042022e+07
    1.048576e+07
    1.055130e+07
    1.061683e+07
    1.068237e+07
    1.074790e+07
    1.081344e+07
    1.087898e+07
    1.094451e+07
    1.101005e+07
    1.107558e+07
    1.114112e+07
    1.120666e+07
    1.127219e+07
    1.133773e+07
    1.140326e+07
    1.146880e+07
    1.153434e+07
    1.159987e+07
    1.166541e+07
    1.173094e+07
    1.179648e+07
    1.186202e+07
    1.192755e+07
    1.199309e+07
    1.205862e+07
    1.212416e+07
    1.218970e+07
    1.225523e+07
    1.232077e+07
    1.238630e+07
    1.245184e+07
    1.251738e+07
    1.258291e+07
    1.264845e+07
    1.271398e+07
    1.277952e+07
    1.284506e+07
    1.291059e+07
    1.297613e+07
    1.304166e+07
    1.310720e+07
    1.317274e+07
    1.323827e+07
    1.330381e+07
    1.336934e+07
    1.343488e+07
    1.350042e+07
    1.356595e+07
    1.363149e+07
    1.369702e+07
    1.376256e+07
    1.382810e+07
    1.389363e+07
    1.395917e+07
    1.402470e+07
    1.409024e+07
    1.415578e+07
    1.422131e+07
    1.428685e+07
    1.435238e+07
    1.441792e+07
    1.448346e+07
    1.454899e+07
    1.461453e+07
    1.468006e+07
    1.474560e+07
    1.481114e+07
    1.487667e+07
    1.494221e+07
    1.500774e+07
    1.507328e+07
    1.513882e+07
    1.520435e+07
    1.526989e+07
    1.533542e+07
    1.540096e+07
    1.546650e+07
    1.553203e+07
    1.559757e+07
    1.566310e+07
    1.572864e+07
    1.579418e+07
    1.585971e+07
    1.592525e+07
    1.599078e+07
    1.605632e+07
    1.612186e+07
    1.618739e+07
    1.625293e+07
    1.631846e+07
    1.638400e+07
    1.644954e+07
    1.651507e+07
    1.658061e+07
    1.664614e+07
    1.671168e+07
    1.677722e+07
    1.684275e+07
    1.690829e+07
    1.697382e+07
    1.703936e+07
    1.710490e+07
    1.717043e+07
    1.723597e+07
    1.730150e+07
    1.736704e+07
    1.743258e+07
    1.749811e+07
    1.756365e+07
    1.762918e+07
    1.769472e+07
    1.776026e+07
    1.782579e+07
    1.789133e+07
    1.795686e+07
    1.802240e+07
    1.808794e+07
    1.815347e+07
    1.821901e+07
    1.828454e+07
    1.835008e+07
    1.841562e+07
    1.848115e+07
    1.854669e+07
    1.861222e+07
    1.867776e+07
    1.874330e+07
    1.880883e+07
    1.887437e+07
    1.893990e+07
    1.900544e+07
    1.907098e+07
    1.913651e+07
    1.920205e+07
    1.926758e+07
    1.933312e+07
    1.939866e+07
    1.946419e+07
    1.952973e+07
    1.959526e+07
    1.966080e+07
    1.972634e+07
    1.979187e+07
    1.985741e+07
    1.992294e+07
    1.998848e+07
    2.005402e+07
    2.011955e+07
    2.018509e+07
    2.025062e+07
    2.031616e+07
    2.038170e+07
    2.044723e+07
    2.051277e+07
    2.057830e+07
    2.064384e+07
    2.070938e+07
    2.077491e+07
    2.084045e+07
    2.090598e+07
    2.097152e+07
    2.103706e+07
    2.110259e+07
    2.116813e+07
    2.123366e+07
    2.129920e+07
    2.136474e+07
    2.143027e+07
    2.149581e+07
    2.156134e+07
    2.162688e+07
    2.169242e+07
    2.175795e+07
    2.182349e+07
    2.188902e+07
    2.195456e+07
    2.202010e+07
    2.208563e+07
    2.215117e+07
    2.221670e+07
    2.228224e+07
    2.234778e+07
    2.241331e+07
    2.247885e+07
    2.254438e+07
    2.260992e+07
    2.267546e+07
    2.274099e+07
    2.280653e+07
    2.287206e+07
    2.293760e+07
    2.300314e+07
    2.306867e+07
    2.313421e+07
    2.319974e+07
    2.326528e+07
    2.333082e+07
    2.339635e+07
    2.346189e+07
    2.352742e+07
    2.359296e+07
    2.365850e+07
    2.372403e+07
    2.378957e+07
    2.385510e+07
    2.392064e+07
    2.398618e+07
    2.405171e+07
    2.411725e+07
    2.418278e+07
    2.424832e+07
    2.431386e+07
    2.437939e+07
    2.444493e+07
    2.451046e+07
    2.457600e+07
    2.464154e+07
    2.470707e+07
    2.477261e+07
    2.483814e+07
    2.490368e+07
    2.496922e+07
    2.503475e+07
    2.510029e+07
    2.516582e+07
    2.523136e+07
    2.529690e+07
    2.536243e+07
    2.542797e+07
    2.549350e+07
    2.555904e+07
    2.562458e+07
    2.569011e+07
    2.575565e+07
    2.582118e+07
    2.588672e+07
    2.595226e+07
    2.601779e+07
    2.608333e+07
    2.614886e+07
    2.621440e+07
    2.627994e+07
    2.634547e+07
    2.641101e+07
    2.647654e+07
    2.654208e+07
    2.660762e+07
    2.667315e+07
    2.673869e+07
    2.680422e+07
    2.686976e+07
    2.693530e+07
    2.700083e+07
    2.706637e+07
    2.713190e+07
    2.719744e+07
    2.726298e+07
    2.732851e+07
    2.739405e+07
    2.745958e+07
    2.752512e+07
    2.759066e+07
    2.765619e+07
    2.772173e+07
    2.778726e+07
    2.785280e+07
    2.791834e+07
    2.798387e+07
    2.804941e+07
    2.811494e+07
    2.818048e+07
    2.824602e+07
    2.831155e+07
    2.837709e+07
    2.844262e+07
    2.850816e+07
    2.857370e+07
    2.863923e+07
    2.870477e+07
    2.877030e+07
    2.883584e+07
    2.890138e+07
    2.896691e+07
    2.903245e+07
    2.909798e+07
    2.916352e+07
    2.922906e+07
    2.929459e+07
    2.936013e+07
    2.942566e+07
    2.949120e+07
    2.955674e+07
    2.962227e+07
    2.968781e+07
    2.975334e+07
    2.981888e+07
    2.988442e+07
    2.994995e+07
    3.001549e+07
    3.008102e+07
    3.014656e+07
