        2.731985e+07
        2.716723e+07
        2.701460e+07
        2.686198e+07
        2.670935e+07
        2.655673e+07
        2.640410e+07
        2.625148e+07
        2.609885e+07
        2.594623e+07
        2.579360e+07
        2.564098e+07
        2.548835e+07
        2.533573e+07
        2.518310e+07
        2.503048e+07
        2.487785e+07
        2.472523e+07
        2.457260e+07
        2.441998e+07
        2.426735e+07
        2.411473e+07
        2.396210e+07
        2.380948e+07
        2.365685e+07
        2.350423e+07
        2.335160e+07
        2.319898e+07
        2.304635e+07
        2.289373e+07
        2.274110e+07
        2.258848e+07
        2.243586e+07
        2.228323e+07
        2.213060e+07
        2.197798e+07
        2.182536e+07
        2.167273e+07
        2.152011e+07
        2.136748e+07
        2.121486e+07
        2.106223e+07
        2.090961e+07
        2.075698e+07
        2.060436e+07
        2.045173e+07
        2.029911e+07
        2.014648e+07
        1.999386e+07
        1.984123e+07
        1.968861e+07
        1.953598e+07
        1.938336e+07
        1.923073e+07
        1.907811e+07
        1.892548e+07
        1.877286e+07
        1.862023e+07
        1.846761e+07
        1.831498e+07
        1.816236e+07
        1.800973e+07
        1.785711e+07
        1.770448e+07
        1.755186e+07
        1.739924e+07
        1.724661e+07
        1.709398e+07
        1.694136e+07
        1.678874e+07
        1.663611e+07
        1.648348e+07
        1.633086e+07
        1.617824e+07
        1.602561e+07
        1.587299e+07
        1.572036e+07
        1.556774e+07
        1.541511e+07
        1.526249e+07
        1.510986e+07
        1.495724e+07
        1.480461e+07
        1.465199e+07
        1.449936e+07
        1.434674e+07
        1.419411e+07
        1.404149e+07
        1.388886e+07
        1.373624e+07
        1.358361e+07
        1.343099e+07
        1.327836e+07
        1.312574e+07
        1.297311e+07
        1.282049e+07
        1.266786e+07
        1.251524e+07
        1.236261e+07
        1.220999e+07
        1.205736e+07
        1.190474e+07
        1.175211e+07
        1.159949e+07
        1.144686e+07
        1.129424e+07
        1.114162e+07
        1.098899e+07
        1.083636e+07
        1.068374e+07
        1.053112e+07
        1.037849e+07
        1.022586e+07
        1.007324e+07
        9.920616e+06
        9.767992e+06
        9.615367e+06
        9.462741e+06
        9.310117e+06
        9.157491e+06
        9.004867e+06
        8.852243e+06
        8.699619e+06
        8.546992e+06
        8.394367e+06
        8.241743e+06
        8.089118e+06
        7.936494e+06
        7.783868e+06
        7.631244e+06
        7.478619e+06
        7.325993e+06
        7.173369e+06
        7.020743e+06
        6.868119e+06
        6.715494e+06
        6.562870e+06
        6.410245e+06
        6.257618e+06
        6.104993e+06
        5.952369e+06
        5.799745e+06
        5.647119e+06
        5.494494e+06
        5.341869e+06
        5.189245e+06
        5.036619e+06
        4.883996e+06
        4.731371e+06
        4.578745e+06
        4.426121e+06
        4.273496e+06
        4.120872e+06
        3.968247e+06
        3.815622e+06
        3.662997e+06
        3.510372e+06
        3.357747e+06
        3.205122e+06
        3.052497e+06
        2.899873e+06
        2.747248e+06
        2.594623e+06
        2.441998e+06
        2.289372e+06
        2.136747e+06
        1.984124e+06
        1.831499e+06
        1.678874e+06
        1.526248e+06
        1.373624e+06
        1.220999e+06
        1.068373e+06
        9.157500e+05
        7.631240e+05
        6.105000e+05
        4.578740e+05
        3.052500e+05
        1.526250e+05
        0.000000e+00
        1.526250e+05
        3.052500e+05
        4.578740e+05
        6.105000e+05
        7.631240e+05
        9.157500e+05
        1.068373e+06
        1.220999e+06
        1.373624e+06
        1.526248e+06
        1.678874e+06
        1.831499e+06
        1.984124e+06
        2.136747e+06
        2.289372e+06
        2.441998e+06
        2.594623e+06
        2.747248e+06
        2.899873e+06
        3.052497e+06
        3.205122e+06
        3.357747e+06
        3.510372e+06
        3.662997e+06
        3.815622e+06
        3.968247e+06
        4.120872e+06
        4.273496e+06
        4.426121e+06
        4.578745e+06
        4.731371e+06
        4.883996e+06
        5.036619e+06
        5.189245e+06
        5.341869e+06
        5.494494e+06
        5.647119e+06
        5.799745e+06
        5.952369e+06
        6.104993e+06
        6.257618e+06
        6.410245e+06
        6.562870e+06
        6.715494e+06
        6.868119e+06
        7.020743e+06
        7.173369e+06
        7.325993e+06
        7.478619e+06
        7.631244e+06
        7.783868e+06
        7.936494e+06
        8.089118e+06
        8.241743e+06
        8.394367e+06
        8.546992e+06
        8.699619e+06
        8.852243e+06
        9.004867e+06
        9.157491e+06
        9.310117e+06
        9.462741e+06
        9.615367e+06
        9.767992e+06
        9.920616e+06
        1.007324e+07
        1.022586e+07
        1.037849e+07
        1.053112e+07
        1.068374e+07
        1.083636e+07
        1.098899e+07
        1.114162e+07
        1.129424e+07
        1.144686e+07
        1.159949e+07
        1.175211e+07
        1.190474e+07
        1.205736e+07
        1.220999e+07
        1.236261e+07
        1.251524e+07
        1.266786e+07
        1.282049e+07
        1.297311e+07
        1.312574e+07
        1.327836e+07
        1.343099e+07
        1.358361e+07
        1.373624e+07
        1.388886e+07
        1.404149e+07
        1.419411e+07
        1.434674e+07
        1.449936e+07
        1.465199e+07
        1.480461e+07
        1.495724e+07
        1.510986e+07
        1.526249e+07
        1.541511e+07
        1.556774e+07
        1.572036e+07
        1.587299e+07
        1.602561e+07
        1.617824e+07
        1.633086e+07
        1.648348e+07
        1.663611e+07
        1.678874e+07
        1.694136e+07
        1.709398e+07
        1.724661e+07
        1.739924e+07
        1.755186e+07
        1.770448e+07
        1.785711e+07
        1.800973e+07
        1.816236e+07
        1.831498e+07
        1.846761e+07
        1.862023e+07
        1.877286e+07
        1.892548e+07
        1.907811e+07
        1.923073e+07
        1.938336e+07
        1.953598e+07
        1.968861e+07
        1.984123e+07
        1.999386e+07
        2.014648e+07
        2.029911e+07
        2.045173e+07
        2.060436e+07
        2.075698e+07
        2.090961e+07
        2.106223e+07
        2.121486e+07
        2.136748e+07
        2.152011e+07
        2.167273e+07
        2.182536e+07
        2.197798e+07
        2.213060e+07
        2.228323e+07
        2.243586e+07
        2.258848e+07
        2.274110e+07
        2.289373e+07
        2.304635e+07
        2.319898e+07
        2.335160e+07
        2.350423e+07
        2.365685e+07
        2.380948e+07
        2.396210e+07
        2.411473e+07
        2.426735e+07
        2.441998e+07
        2.457260e+07
        2.472523e+07
        2.487785e+07
        2.503048e+07
        2.518310e+07
        2.533573e+07
        2.548835e+07
        2.564098e+07
        2.579360e+07
        2.594623e+07
        2.609885e+07
        2.625148e+07
        2.640410e+07
        2.655673e+07
        2.670935e+07
        2.686198e+07
        2.701460e+07
        2.716723e+07
        2.731985e+07
        2.747248e+07
        2.762510e+07
        2.777773e+07
        2.793035e+07
        2.808298e+07
        2.823560e+07
        2.838822e+07
        2.854085e+07
        2.869348e+07
        2.884610e+07
        2.899872e+07
        2.915135e+07
        2.930398e+07
        2.945660e+07
        2.960922e+07
        2.976185e+07
        2.991447e+07
        3.006710e+07
        3.021972e+07
        3.037235e+07
        3.052497e+07
        3.067760e+07
        3.083022e+07
        3.098285e+07
        3.113547e+07
        3.128810e+07
        3.144072e+07
        3.159335e+07
        3.174597e+07
        3.189860e+07
        3.205122e+07
        3.220385e+07
        3.235647e+07
        3.250910e+07
        3.266172e+07
        3.281435e+07
        3.296697e+07
        3.311960e+07
        3.327222e+07
        3.342485e+07
        3.357747e+07
        3.373010e+07
        3.388272e+07
        3.403535e+07
        3.418797e+07
        3.434059e+07
        3.449322e+07
        3.464584e+07
        3.479847e+07
        3.495109e+07
        3.510372e+07
        3.525634e+07
        3.540897e+07
        3.556160e+07
        3.571422e+07
        3.586684e+07
        3.601947e+07
        3.617209e+07
        3.632472e+07
        3.647734e+07
        3.662997e+07
        3.678259e+07
        3.693522e+07
        3.708784e+07
        3.724047e+07
        3.739309e+07
        3.754572e+07
        3.769834e+07
        3.785097e+07
        3.800359e+07
        3.815622e+07
        3.830884e+07
        3.846147e+07
        3.861409e+07
        3.876672e+07
        3.891934e+07
        3.907197e+07
        3.922459e+07
        3.937722e+07
        3.952984e+07
        3.968247e+07
        3.983509e+07
        3.998771e+07
        4.014034e+07
        4.029296e+07
        4.044559e+07
        4.059821e+07
        4.075084e+07
        4.090346e+07
        4.105609e+07
        4.120871e+07
        4.136134e+07
        4.151396e+07
        4.166659e+07
        4.181921e+07
        4.197184e+07
        4.212446e+07
        4.227709e+07
        4.242971e+07
        4.258234e+07
        4.273496e+07
        4.288759e+07
        4.304021e+07
        4.319284e+07
        4.334546e+07
        4.349809e+07
        4.365071e+07
        4.380334e+07
        4.395596e+07
        4.410858e+07
        4.426121e+07
        4.441384e+07
        4.456646e+07
        4.471908e+07
        4.487171e+07
        4.502434e+07
        4.517696e+07
        4.532959e+07
        4.548221e+07
        4.563484e+07
        4.578746e+07
        4.594008e+07
        4.609271e+07
        4.624533e+07
        4.639796e+07
        4.655058e+07
        4.670321e+07
        4.685583e+07
        4.700846e+07
        4.716108e+07
        4.731371e+07
        4.746633e+07
        4.761896e+07
        4.777158e+07
        4.792421e+07
        4.807683e+07
        4.822946e+07
        4.838208e+07
        4.853471e+07
        4.868733e+07
        4.883996e+07
        4.899258e+07
        4.914521e+07
        4.929783e+07
        4.945046e+07
        4.960308e+07
        4.975571e+07
        4.990833e+07
        5.006096e+07
        5.021358e+07
        5.036620e+07
        5.051883e+07
        5.067146e+07
        5.082408e+07
        5.097670e+07
        5.112933e+07
        5.128196e+07
        5.143458e+07
        5.158721e+07
        5.173983e+07
        5.189246e+07
        5.204508e+07
        5.219771e+07
        5.235033e+07
        5.250296e+07
        5.265558e+07
        5.280820e+07
        5.296083e+07
        5.311345e+07
        5.326608e+07
        5.341870e+07
        5.357133e+07
        5.372395e+07
        5.387658e+07
        5.402920e+07
        5.418183e+07
        5.433445e+07
        5.448708e+07
        5.463970e+07
        5.479233e+07
        5.494495e+07
        5.509758e+07
        5.525020e+07
        5.540283e+07
        5.555545e+07
        5.570808e+07
        5.586070e+07
        5.601332e+07
        5.616595e+07
        5.631858e+07
        5.647120e+07
        5.662382e+07
        5.677645e+07
        5.692908e+07
        5.708170e+07
        5.723432e+07
        5.738695e+07
        5.753958e+07
        5.769220e+07
        5.784482e+07
        5.799745e+07
        5.815008e+07
        5.830270e+07
        5.845532e+07
        5.860795e+07
        5.876057e+07
        5.891320e+07
        5.906582e+07
        5.921845e+07
        5.937107e+07
        5.952370e+07
        5.967632e+07
        5.982895e+07
        5.998157e+07
        6.013420e+07
        6.028682e+07
        6.043945e+07
        6.059207e+07
        6.074470e+07
        6.089732e+07
        6.104995e+07
        6.120257e+07
        6.135520e+07
        6.150782e+07
        6.166045e+07
        6.181307e+07
        6.196570e+07
        6.211832e+07
        6.227094e+07
        6.242357e+07
        6.257620e+07
        6.272882e+07
        6.288144e+07
        6.303407e+07
        6.318670e+07
        6.333932e+07
        6.349194e+07
        6.364457e+07
        6.379719e+07
        6.394982e+07
        6.410244e+07
        6.425507e+07
        6.440769e+07
        6.456032e+07
        6.471294e+07
        6.486557e+07
        6.501819e+07
        6.517082e+07
        6.532344e+07
        6.547607e+07
        6.562869e+07
        6.578132e+07
        6.593394e+07
        6.608657e+07
        6.623919e+07
        6.639182e+07
        6.654444e+07
        6.669707e+07
        6.684969e+07
        6.700232e+07
        6.715494e+07
        6.730757e+07
        6.746019e+07
        6.761282e+07
        6.776544e+07
        6.791807e+07
        6.807069e+07
        6.822332e+07
        6.837594e+07
        6.852856e+07
        6.868119e+07
        6.883381e+07
        6.898644e+07
        6.913906e+07
        6.929169e+07
        6.944431e+07
        6.959694e+07
        6.974956e+07
        6.990219e+07
        7.005481e+07
        7.020744e+07
        7.036006e+07
        7.051269e+07
        7.066531e+07
        7.081794e+07
        7.097056e+07
        7.112319e+07
        7.127581e+07
        7.142844e+07
        7.158106e+07
        7.173369e+07
        7.188631e+07
        7.203894e+07
        7.219156e+07
        7.234419e+07
        7.249681e+07
        7.264944e+07
        7.280206e+07
        7.295469e+07
        7.310731e+07
        7.325994e+07
        7.341256e+07
        7.356519e+07
        7.371781e+07
        7.387044e+07
        7.402306e+07
        7.417568e+07
        7.432831e+07
        7.448094e+07
        7.463356e+07
        7.478618e+07
        7.493881e+07
        7.509144e+07
        7.524406e+07
        7.539668e+07
        7.554931e+07
        7.570193e+07
        7.585456e+07
        7.600718e+07
        7.615981e+07
        7.631243e+07
        7.646506e+07
        7.661768e+07
        7.677031e+07
        7.692293e+07
        7.707556e+07
        7.722818e+07
        7.738081e+07
        7.753343e+07
        7.768606e+07
        7.783868e+07
        7.799131e+07
        7.814393e+07
        7.829656e+07
        7.844918e+07
        7.860181e+07
        7.875443e+07
        7.890706e+07
        7.905968e+07
        7.921231e+07
        7.936493e+07
        7.951756e+07
        7.967018e+07
        7.982281e+07
        7.997543e+07
        8.012806e+07
        8.028068e+07
        8.043330e+07
        8.058593e+07
        8.073855e+07
        8.089118e+07
        8.104380e+07
        8.119643e+07
        8.134905e+07
        8.150168e+07
        8.165430e+07
        8.180693e+07
        8.195955e+07
        8.211218e+07
        8.226480e+07
        8.241743e+07
        8.257005e+07
        8.272268e+07
        8.287530e+07
        8.302793e+07
        8.318055e+07
        8.333318e+07
        8.348580e+07
        8.363843e+07
        8.379105e+07
        8.394368e+07
        8.409630e+07
        8.424893e+07
        8.440155e+07
        8.455418e+07
        8.470680e+07
        8.485943e+07
        8.501205e+07
        8.516468e+07
        8.531730e+07
        8.546993e+07
        8.562255e+07
        8.577518e+07
        8.592780e+07
        8.608043e+07
        8.623305e+07
        8.638568e+07
        8.653830e+07
        8.669092e+07
        8.684355e+07
        8.699617e+07
        8.714880e+07
        8.730142e+07
        8.745405e+07
        8.760667e+07
        8.775930e+07
        8.791192e+07
        8.806455e+07
        8.821717e+07
        8.836980e+07
        8.852242e+07
        8.867505e+07
        8.882767e+07
        8.898030e+07
        8.913292e+07
        8.928555e+07
        8.943817e+07
        8.959080e+07
        8.974342e+07
        8.989605e+07
        9.004867e+07
        9.020130e+07
        9.035392e+07
        9.050655e+07
        9.065917e+07
        9.081180e+07
        9.096442e+07
        9.111704e+07
        9.126967e+07
        9.142230e+07
        9.157492e+07
        9.172755e+07
        9.188017e+07
        9.203280e+07
        9.218542e+07
        9.233804e+07
        9.249067e+07
        9.264329e+07
        9.279592e+07
        9.294854e+07
        9.310117e+07
        9.325379e+07
        9.340642e+07
        9.355904e+07
        9.371167e+07
        9.386429e+07
        9.401692e+07
        9.416954e+07
        9.432217e+07
        9.447479e+07
        9.462742e+07
        9.478004e+07
        9.493267e+07
        9.508529e+07
        9.523792e+07
        9.539054e+07
        9.554317e+07
        9.569579e+07
        9.584842e+07
        9.600104e+07
        9.615367e+07
        9.630629e+07
        9.645892e+07
        9.661154e+07
        9.676416e+07
        9.691679e+07
        9.706942e+07
        9.722204e+07
        9.737466e+07
        9.752729e+07
        9.767992e+07
        9.783254e+07
        9.798516e+07
        9.813779e+07
        9.829042e+07
        9.844304e+07
        9.859566e+07
        9.874829e+07
        9.890091e+07
        9.905354e+07
        9.920616e+07
        9.935879e+07
        9.951141e+07
        9.966404e+07
        9.981666e+07
        9.996929e+07
        1.001219e+08
        1.002745e+08
        1.004272e+08
        1.005798e+08
        1.007324e+08
        1.008850e+08
        1.010377e+08
        1.011903e+08
        1.013429e+08
        1.014955e+08
        1.016482e+08
        1.018008e+08
        1.019534e+08
        1.021060e+08
        1.022587e+08
        1.024113e+08
        1.025639e+08
        1.027165e+08
        1.028692e+08
        1.030218e+08
        1.031744e+08
        1.033270e+08
        1.034797e+08
        1.036323e+08
        1.037849e+08
        1.039375e+08
        1.040902e+08
        1.042428e+08
        1.043954e+08
        1.045480e+08
        1.047007e+08
        1.048533e+08
        1.050059e+08
        1.051585e+08
        1.053112e+08
        1.054638e+08
        1.056164e+08
        1.057690e+08
        1.059217e+08
        1.060743e+08
        1.062269e+08
        1.063795e+08
        1.065322e+08
        1.066848e+08
        1.068374e+08
        1.069900e+08
        1.071427e+08
        1.072953e+08
        1.074479e+08
        1.076005e+08
        1.077532e+08
        1.079058e+08
        1.080584e+08
        1.082110e+08
        1.083637e+08
        1.085163e+08
        1.086689e+08
        1.088215e+08
        1.089742e+08
        1.091268e+08
        1.092794e+08
        1.094320e+08
        1.095847e+08
        1.097373e+08
        1.098899e+08
        1.100425e+08
        1.101952e+08
        1.103478e+08
        1.105004e+08
        1.106530e+08
        1.108057e+08
        1.109583e+08
        1.111109e+08
        1.112635e+08
        1.114162e+08
        1.115688e+08
        1.117214e+08
        1.118740e+08
        1.120267e+08
        1.121793e+08
        1.123319e+08
        1.124845e+08
        1.126372e+08
        1.127898e+08
        1.129424e+08
        1.130950e+08
        1.132477e+08
        1.134003e+08
        1.135529e+08
        1.137055e+08
        1.138582e+08
        1.140108e+08
        1.141634e+08
        1.143160e+08
        1.144686e+08
        1.146213e+08
        1.147739e+08
        1.149265e+08
        1.150792e+08
        1.152318e+08
        1.153844e+08
        1.155370e+08
        1.156896e+08
        1.158423e+08
        1.159949e+08
        1.161475e+08
        1.163002e+08
        1.164528e+08
        1.166054e+08
        1.167580e+08
        1.169106e+08
        1.170633e+08
        1.172159e+08
        1.173685e+08
        1.175211e+08
        1.176738e+08
        1.178264e+08
        1.179790e+08
        1.181316e+08
        1.182843e+08
        1.184369e+08
        1.185895e+08
        1.187421e+08
        1.188948e+08
        1.190474e+08
        1.192000e+08
        1.193526e+08
        1.195053e+08
        1.196579e+08
        1.198105e+08
        1.199631e+08
        1.201158e+08
        1.202684e+08
        1.204210e+08
        1.205736e+08
        1.207263e+08
        1.208789e+08
        1.210315e+08
        1.211841e+08
        1.213368e+08
        1.214894e+08
        1.216420e+08
        1.217946e+08
        1.219473e+08
        1.220999e+08
        1.222525e+08
        1.224051e+08
        1.225578e+08
        1.227104e+08
        1.228630e+08
        1.230156e+08
        1.231683e+08
        1.233209e+08
        1.234735e+08
        1.236261e+08
        1.237788e+08
        1.239314e+08
        1.240840e+08
        1.242366e+08
        1.243893e+08
        1.245419e+08
        1.246945e+08
        1.248471e+08
        1.249998e+08
        1.251524e+08
        1.253050e+08
        1.254576e+08
        1.256103e+08
        1.257629e+08
        1.259155e+08
        1.260681e+08
        1.262208e+08
        1.263734e+08
        1.265260e+08
        1.266786e+08
        1.268313e+08
        1.269839e+08
        1.271365e+08
        1.272891e+08
        1.274418e+08
        1.275944e+08
        1.277470e+08
        1.278996e+08
        1.280523e+08
        1.282049e+08
        1.283575e+08
        1.285101e+08
        1.286628e+08
        1.288154e+08
        1.289680e+08
        1.291206e+08
        1.292733e+08
        1.294259e+08
        1.295785e+08
        1.297311e+08
        1.298838e+08
        1.300364e+08
        1.301890e+08
        1.303416e+08
        1.304943e+08
        1.306469e+08
        1.307995e+08
        1.309521e+08
        1.311048e+08
        1.312574e+08
        1.314100e+08
        1.315626e+08
        1.317153e+08
        1.318679e+08
        1.320205e+08
        1.321731e+08
        1.323258e+08
        1.324784e+08
        1.326310e+08
        1.327836e+08
        1.329363e+08
        1.330889e+08
        1.332415e+08
        1.333941e+08
        1.335468e+08
        1.336994e+08
        1.338520e+08
        1.340046e+08
        1.341573e+08
        1.343099e+08
        1.344625e+08
        1.346151e+08
        1.347678e+08
        1.349204e+08
        1.350730e+08
        1.352256e+08
        1.353783e+08
        1.355309e+08
        1.356835e+08
        1.358361e+08
        1.359888e+08
        1.361414e+08
        1.362940e+08
        1.364466e+08
        1.365993e+08
        1.367519e+08
        1.369045e+08
        1.370571e+08
        1.372098e+08
        1.373624e+08
        1.375150e+08
        1.376676e+08
        1.378203e+08
        1.379729e+08
        1.381255e+08
        1.382781e+08
        1.384308e+08
        1.385834e+08
        1.387360e+08
        1.388886e+08
        1.390413e+08
        1.391939e+08
        1.393465e+08
        1.394991e+08
        1.396518e+08
        1.398044e+08
        1.399570e+08
        1.401096e+08
        1.402623e+08
        1.404149e+08
        1.405675e+08
        1.407201e+08
        1.408728e+08
        1.410254e+08
        1.411780e+08
        1.413306e+08
        1.414833e+08
        1.416359e+08
        1.417885e+08
        1.419411e+08
        1.420938e+08
        1.422464e+08
        1.423990e+08
        1.425516e+08
        1.427043e+08
        1.428569e+08
        1.430095e+08
        1.431621e+08
        1.433148e+08
        1.434674e+08
        1.436200e+08
        1.437726e+08
        1.439253e+08
        1.440779e+08
        1.442305e+08
        1.443831e+08
        1.445358e+08
        1.446884e+08
        1.448410e+08
        1.449936e+08
        1.451462e+08
        1.452989e+08
        1.454515e+08
        1.456041e+08
        1.457567e+08
        1.459094e+08
        1.460620e+08
        1.462146e+08
        1.463672e+08
        1.465199e+08
        1.466725e+08
        1.468251e+08
        1.469777e+08
        1.471304e+08
        1.472830e+08
        1.474356e+08
        1.475882e+08
        1.477409e+08
        1.478935e+08
        1.480461e+08
        1.481987e+08
        1.483514e+08
        1.485040e+08
        1.486566e+08
        1.488092e+08
        1.489619e+08
        1.491145e+08
        1.492671e+08
        1.494197e+08
        1.495724e+08
        1.497250e+08
        1.498776e+08
        1.500302e+08
        1.501829e+08
        1.503355e+08
        1.504881e+08
        1.506407e+08
        1.507934e+08
        1.509460e+08
        1.510986e+08
        1.512512e+08
        1.514039e+08
        1.515565e+08
        1.517091e+08
        1.518617e+08
        1.520144e+08
        1.521670e+08
        1.523196e+08
        1.524722e+08
        1.526249e+08
        1.527775e+08
        1.529301e+08
        1.530827e+08
        1.532354e+08
        1.533880e+08
        1.535406e+08
        1.536932e+08
        1.538459e+08
        1.539985e+08
        1.541511e+08
        1.543037e+08
        1.544564e+08
        1.546090e+08
        1.547616e+08
        1.549142e+08
        1.550669e+08
        1.552195e+08
        1.553721e+08
        1.555247e+08
        1.556774e+08
        1.558300e+08
        1.559826e+08
        1.561352e+08
        1.562879e+08
        1.564405e+08
        1.565931e+08
        1.567457e+08
        1.568984e+08
        1.570510e+08
        1.572036e+08
        1.573562e+08
        1.575089e+08
        1.576615e+08
        1.578141e+08
        1.579667e+08
        1.581194e+08
        1.582720e+08
        1.584246e+08
        1.585772e+08
        1.587299e+08
        1.588825e+08
        1.590351e+08
        1.591877e+08
        1.593404e+08
        1.594930e+08
        1.596456e+08
        1.597982e+08
        1.599509e+08
        1.601035e+08
        1.602561e+08
        1.604087e+08
        1.605614e+08
        1.607140e+08
        1.608666e+08
        1.610192e+08
        1.611719e+08
        1.613245e+08
        1.614771e+08
        1.616297e+08
        1.617824e+08
        1.619350e+08
        1.620876e+08
        1.622402e+08
        1.623929e+08
        1.625455e+08
        1.626981e+08
        1.628507e+08
        1.630034e+08
        1.631560e+08
        1.633086e+08
        1.634612e+08
        1.636139e+08
        1.637665e+08
        1.639191e+08
        1.640717e+08
        1.642244e+08
        1.643770e+08
        1.645296e+08
        1.646822e+08
        1.648349e+08
        1.649875e+08
        1.651401e+08
        1.652927e+08
        1.654454e+08
        1.655980e+08
        1.657506e+08
        1.659032e+08
        1.660559e+08
        1.662085e+08
        1.663611e+08
        1.665137e+08
        1.666664e+08
        1.668190e+08
        1.669716e+08
        1.671242e+08
        1.672769e+08
        1.674295e+08
        1.675821e+08
        1.677347e+08
        1.678874e+08
        1.680400e+08
        1.681926e+08
        1.683452e+08
        1.684979e+08
        1.686505e+08
        1.688031e+08
        1.689557e+08
        1.691084e+08
        1.692610e+08
        1.694136e+08
        1.695662e+08
        1.697189e+08
        1.698715e+08
        1.700241e+08
        1.701767e+08
        1.703294e+08
        1.704820e+08
        1.706346e+08
        1.707872e+08
        1.709399e+08
        1.710925e+08
        1.712451e+08
        1.713977e+08
        1.715504e+08
        1.717030e+08
        1.718556e+08
        1.720082e+08
        1.721609e+08
        1.723135e+08
        1.724661e+08
        1.726187e+08
        1.727714e+08
        1.729240e+08
        1.730766e+08
        1.732292e+08
        1.733818e+08
        1.735345e+08
        1.736871e+08
        1.738397e+08
        1.739924e+08
        1.741450e+08
        1.742976e+08
        1.744502e+08
        1.746028e+08
        1.747555e+08
        1.749081e+08
        1.750607e+08
        1.752133e+08
        1.753660e+08
        1.755186e+08
        1.756712e+08
        1.758238e+08
        1.759765e+08
        1.761291e+08
        1.762817e+08
        1.764343e+08
        1.765870e+08
        1.767396e+08
        1.768922e+08
        1.770448e+08
        1.771975e+08
        1.773501e+08
        1.775027e+08
        1.776553e+08
        1.778080e+08
        1.779606e+08
        1.781132e+08
        1.782658e+08
        1.784185e+08
        1.785711e+08
        1.787237e+08
        1.788763e+08
        1.790290e+08
        1.791816e+08
        1.793342e+08
        1.794868e+08
        1.796395e+08
        1.797921e+08
        1.799447e+08
        1.800973e+08
        1.802500e+08
        1.804026e+08
        1.805552e+08
        1.807078e+08
        1.808605e+08
        1.810131e+08
        1.811657e+08
        1.813183e+08
        1.814710e+08
        1.816236e+08
        1.817762e+08
        1.819288e+08
        1.820815e+08
        1.822341e+08
        1.823867e+08
        1.825393e+08
        1.826920e+08
        1.828446e+08
        1.829972e+08
        1.831498e+08
        1.833025e+08
        1.834551e+08
        1.836077e+08
        1.837603e+08
        1.839130e+08
        1.840656e+08
        1.842182e+08
        1.843708e+08
        1.845235e+08
        1.846761e+08
        1.848287e+08
        1.849813e+08
        1.851340e+08
        1.852866e+08
        1.854392e+08
        1.855918e+08
        1.857445e+08
        1.858971e+08
        1.860497e+08
        1.862023e+08
        1.863550e+08
        1.865076e+08
        1.866602e+08
        1.868128e+08
        1.869655e+08
        1.871181e+08
        1.872707e+08
        1.874233e+08
        1.875760e+08
        1.877286e+08
        1.878812e+08
        1.880338e+08
        1.881865e+08
        1.883391e+08
        1.884917e+08
        1.886443e+08
        1.887970e+08
        1.889496e+08
        1.891022e+08
        1.892548e+08
        1.894075e+08
        1.895601e+08
        1.897127e+08
        1.898653e+08
        1.900180e+08
        1.901706e+08
        1.903232e+08
        1.904758e+08
        1.906285e+08
        1.907811e+08
        1.909337e+08
        1.910863e+08
        1.912390e+08
        1.913916e+08
        1.915442e+08
        1.916968e+08
        1.918495e+08
        1.920021e+08
        1.921547e+08
        1.923073e+08
        1.924600e+08
        1.926126e+08
        1.927652e+08
        1.929178e+08
        1.930705e+08
        1.932231e+08
        1.933757e+08
        1.935283e+08
        1.936810e+08
        1.938336e+08
        1.939862e+08
        1.941388e+08
        1.942915e+08
        1.944441e+08
        1.945967e+08
        1.947493e+08
        1.949020e+08
        1.950546e+08
        1.952072e+08
        1.953598e+08
        1.955125e+08
        1.956651e+08
        1.958177e+08
        1.959703e+08
        1.961230e+08
        1.962756e+08
        1.964282e+08
        1.965808e+08
        1.967335e+08
        1.968861e+08
        1.970387e+08
        1.971913e+08
        1.973440e+08
        1.974966e+08
        1.976492e+08
        1.978018e+08
        1.979545e+08
        1.981071e+08
        1.982597e+08
        1.984123e+08
        1.985650e+08
        1.987176e+08
        1.988702e+08
        1.990228e+08
        1.991755e+08
        1.993281e+08
        1.994807e+08
        1.996333e+08
        1.997860e+08
        1.999386e+08
        2.000912e+08
        2.002438e+08
        2.003965e+08
        2.005491e+08
        2.007017e+08
        2.008543e+08
        2.010070e+08
        2.011596e+08
        2.013122e+08
        2.014648e+08
        2.016175e+08
        2.017701e+08
        2.019227e+08
        2.020753e+08
        2.022280e+08
        2.023806e+08
        2.025332e+08
        2.026858e+08
        2.028384e+08
        2.029911e+08
        2.031437e+08
        2.032963e+08
        2.034489e+08
        2.036016e+08
        2.037542e+08
        2.039068e+08
        2.040594e+08
        2.042121e+08
        2.043647e+08
        2.045173e+08
        2.046699e+08
        2.048226e+08
        2.049752e+08
        2.051278e+08
        2.052804e+08
        2.054331e+08
        2.055857e+08
        2.057383e+08
        2.058909e+08
        2.060436e+08
        2.061962e+08
        2.063488e+08
        2.065014e+08
        2.066541e+08
        2.068067e+08
        2.069593e+08
        2.071119e+08
        2.072646e+08
        2.074172e+08
        2.075698e+08
        2.077224e+08
        2.078751e+08
        2.080277e+08
        2.081803e+08
        2.083329e+08
        2.084856e+08
        2.086382e+08
        2.087908e+08
        2.089434e+08
        2.090961e+08
        2.092487e+08
        2.094013e+08
        2.095539e+08
        2.097066e+08
        2.098592e+08
        2.100118e+08
        2.101644e+08
        2.103171e+08
        2.104697e+08
        2.106223e+08
        2.107749e+08
        2.109276e+08
        2.110802e+08
        2.112328e+08
        2.113854e+08
        2.115381e+08
        2.116907e+08
        2.118433e+08
        2.119959e+08
        2.121486e+08
        2.123012e+08
        2.124538e+08
        2.126064e+08
        2.127591e+08
        2.129117e+08
        2.130643e+08
        2.132169e+08
        2.133696e+08
        2.135222e+08
        2.136748e+08
        2.138274e+08
        2.139801e+08
        2.141327e+08
        2.142853e+08
        2.144379e+08
        2.145906e+08
        2.147432e+08
        2.148958e+08
        2.150484e+08
        2.152011e+08
        2.153537e+08
        2.155063e+08
        2.156589e+08
        2.158116e+08
        2.159642e+08
        2.161168e+08
        2.162694e+08
        2.164221e+08
        2.165747e+08
        2.167273e+08
        2.168799e+08
        2.170326e+08
        2.171852e+08
        2.173378e+08
        2.174904e+08
        2.176431e+08
        2.177957e+08
        2.179483e+08
        2.181009e+08
        2.182536e+08
        2.184062e+08
        2.185588e+08
        2.187114e+08
        2.188641e+08
        2.190167e+08
        2.191693e+08
        2.193219e+08
        2.194746e+08
        2.196272e+08
        2.197798e+08
        2.199324e+08
        2.200851e+08
        2.202377e+08
        2.203903e+08
        2.205429e+08
        2.206956e+08
        2.208482e+08
        2.210008e+08
        2.211534e+08
        2.213061e+08
        2.214587e+08
        2.216113e+08
        2.217639e+08
        2.219166e+08
        2.220692e+08
        2.222218e+08
        2.223744e+08
        2.225271e+08
        2.226797e+08
        2.228323e+08
        2.229849e+08
        2.231376e+08
        2.232902e+08
        2.234428e+08
        2.235954e+08
        2.237481e+08
        2.239007e+08
        2.240533e+08
        2.242059e+08
        2.243586e+08
        2.245112e+08
        2.246638e+08
        2.248164e+08
        2.249691e+08
        2.251217e+08
        2.252743e+08
        2.254269e+08
        2.255796e+08
        2.257322e+08
        2.258848e+08
        2.260374e+08
        2.261901e+08
        2.263427e+08
        2.264953e+08
        2.266479e+08
        2.268006e+08
        2.269532e+08
        2.271058e+08
        2.272584e+08
        2.274111e+08
        2.275637e+08
        2.277163e+08
        2.278689e+08
        2.280216e+08
        2.281742e+08
        2.283268e+08
        2.284794e+08
        2.286321e+08
        2.287847e+08
        2.289373e+08
        2.290899e+08
        2.292426e+08
        2.293952e+08
        2.295478e+08
        2.297004e+08
        2.298531e+08
        2.300057e+08
        2.301583e+08
        2.303109e+08
        2.304636e+08
        2.306162e+08
        2.307688e+08
        2.309214e+08
        2.310741e+08
        2.312267e+08
        2.313793e+08
        2.315319e+08
        2.316846e+08
        2.318372e+08
        2.319898e+08
        2.321424e+08
        2.322951e+08
        2.324477e+08
        2.326003e+08
        2.327529e+08
        2.329056e+08
        2.330582e+08
        2.332108e+08
        2.333634e+08
        2.335160e+08
        2.336687e+08
        2.338213e+08
        2.339739e+08
        2.341265e+08
        2.342792e+08
        2.344318e+08
        2.345844e+08
        2.347370e+08
        2.348897e+08
        2.350423e+08
        2.351949e+08
        2.353475e+08
        2.355002e+08
        2.356528e+08
        2.358054e+08
        2.359580e+08
        2.361107e+08
        2.362633e+08
        2.364159e+08
        2.365685e+08
        2.367212e+08
        2.368738e+08
        2.370264e+08
        2.371790e+08
        2.373317e+08
        2.374843e+08
        2.376369e+08
        2.377895e+08
        2.379422e+08
        2.380948e+08
        2.382474e+08
        2.384000e+08
        2.385527e+08
        2.387053e+08
        2.388579e+08
        2.390105e+08
        2.391632e+08
        2.393158e+08
        2.394684e+08
        2.396210e+08
        2.397737e+08
        2.399263e+08
        2.400789e+08
        2.402315e+08
        2.403842e+08
        2.405368e+08
        2.406894e+08
        2.408420e+08
        2.409947e+08
        2.411473e+08
        2.412999e+08
        2.414525e+08
        2.416052e+08
        2.417578e+08
        2.419104e+08
        2.420630e+08
        2.422157e+08
        2.423683e+08
        2.425209e+08
        2.426735e+08
        2.428262e+08
        2.429788e+08
        2.431314e+08
        2.432840e+08
        2.434367e+08
        2.435893e+08
        2.437419e+08
        2.438945e+08
        2.440472e+08
        2.441998e+08
        2.443524e+08
        2.445050e+08
        2.446577e+08
        2.448103e+08
        2.449629e+08
        2.451155e+08
        2.452682e+08
        2.454208e+08
        2.455734e+08
        2.457260e+08
        2.458787e+08
        2.460313e+08
        2.461839e+08
        2.463365e+08
        2.464892e+08
        2.466418e+08
        2.467944e+08
        2.469470e+08
        2.470997e+08
        2.472523e+08
        2.474049e+08
        2.475575e+08
        2.477102e+08
        2.478628e+08
        2.480154e+08
        2.481680e+08
        2.483207e+08
        2.484733e+08
        2.486259e+08
        2.487785e+08
        2.489312e+08
        2.490838e+08
        2.492364e+08
        2.493890e+08
        2.495417e+08
        2.496943e+08
        2.498469e+08
        2.499995e+08
        2.501522e+08
        2.503048e+08
        2.504574e+08
        2.506100e+08
        2.507627e+08
        2.509153e+08
        2.510679e+08
        2.512205e+08
        2.513732e+08
        2.515258e+08
        2.516784e+08
        2.518310e+08
        2.519837e+08
        2.521363e+08
        2.522889e+08
        2.524415e+08
        2.525942e+08
        2.527468e+08
        2.528994e+08
        2.530520e+08
        2.532047e+08
        2.533573e+08
        2.535099e+08
        2.536625e+08
        2.538152e+08
        2.539678e+08
        2.541204e+08
        2.542730e+08
        2.544257e+08
        2.545783e+08
        2.547309e+08
        2.548835e+08
        2.550362e+08
        2.551888e+08
        2.553414e+08
        2.554940e+08
        2.556467e+08
        2.557993e+08
        2.559519e+08
        2.561045e+08
        2.562572e+08
        2.564098e+08
        2.565624e+08
        2.567150e+08
        2.568677e+08
        2.570203e+08
        2.571729e+08
        2.573255e+08
        2.574782e+08
        2.576308e+08
        2.577834e+08
        2.579360e+08
        2.580887e+08
        2.582413e+08
        2.583939e+08
        2.585465e+08
        2.586992e+08
        2.588518e+08
        2.590044e+08
        2.591570e+08
        2.593097e+08
        2.594623e+08
        2.596149e+08
        2.597675e+08
        2.599202e+08
        2.600728e+08
        2.602254e+08
        2.603780e+08
        2.605306e+08
        2.606833e+08
        2.608359e+08
        2.609885e+08
        2.611411e+08
        2.612938e+08
        2.614464e+08
        2.615990e+08
        2.617516e+08
        2.619043e+08
        2.620569e+08
        2.622095e+08
        2.623621e+08
        2.625148e+08
        2.626674e+08
        2.628200e+08
        2.629726e+08
        2.631253e+08
        2.632779e+08
        2.634305e+08
        2.635831e+08
        2.637358e+08
        2.638884e+08
        2.640410e+08
        2.641936e+08
        2.643463e+08
        2.644989e+08
        2.646515e+08
        2.648041e+08
        2.649568e+08
        2.651094e+08
        2.652620e+08
        2.654146e+08
        2.655673e+08
        2.657199e+08
        2.658725e+08
        2.660251e+08
        2.661778e+08
        2.663304e+08
        2.664830e+08
        2.666356e+08
        2.667883e+08
        2.669409e+08
        2.670935e+08
        2.672461e+08
        2.673988e+08
        2.675514e+08
        2.677040e+08
        2.678566e+08
        2.680093e+08
        2.681619e+08
        2.683145e+08
        2.684671e+08
        2.686198e+08
        2.687724e+08
        2.689250e+08
        2.690776e+08
        2.692303e+08
        2.693829e+08
        2.695355e+08
        2.696881e+08
        2.698408e+08
        2.699934e+08
        2.701460e+08
        2.702986e+08
        2.704513e+08
        2.706039e+08
        2.707565e+08
        2.709091e+08
        2.710618e+08
        2.712144e+08
        2.713670e+08
        2.715196e+08
        2.716723e+08
        2.718249e+08
        2.719775e+08
        2.721301e+08
        2.722828e+08
        2.724354e+08
        2.725880e+08
        2.727406e+08
        2.728933e+08
        2.730459e+08
        2.731985e+08
        2.733511e+08
        2.735038e+08
        2.736564e+08
        2.738090e+08
        2.739616e+08
        2.741143e+08
        2.742669e+08
        2.744195e+08
        2.745721e+08
        2.747248e+08
        2.748774e+08
        2.750300e+08
        2.751826e+08
        2.753353e+08
        2.754879e+08
        2.756405e+08
        2.757931e+08
        2.759458e+08
        2.760984e+08
        2.762510e+08
        2.764036e+08
        2.765563e+08
        2.767089e+08
        2.768615e+08
        2.770141e+08
        2.771668e+08
        2.773194e+08
        2.774720e+08
        2.776246e+08
        2.777773e+08
        2.779299e+08
        2.780825e+08
        2.782351e+08
        2.783878e+08
        2.785404e+08
        2.786930e+08
        2.788456e+08
        2.789983e+08
        2.791509e+08
        2.793035e+08
        2.794561e+08
        2.796088e+08
        2.797614e+08
        2.799140e+08
        2.800666e+08
        2.802193e+08
        2.803719e+08
        2.805245e+08
        2.806771e+08
        2.808298e+08
        2.809824e+08
        2.811350e+08
        2.812876e+08
        2.814403e+08
        2.815929e+08
        2.817455e+08
        2.818981e+08
        2.820508e+08
        2.822034e+08
        2.823560e+08
        2.825086e+08
        2.826613e+08
        2.828139e+08
        2.829665e+08
        2.831191e+08
        2.832718e+08
        2.834244e+08
        2.835770e+08
        2.837296e+08
        2.838823e+08
        2.840349e+08
        2.841875e+08
        2.843401e+08
        2.844928e+08
        2.846454e+08
        2.847980e+08
        2.849506e+08
        2.851033e+08
        2.852559e+08
        2.854085e+08
        2.855611e+08
        2.857138e+08
        2.858664e+08
        2.860190e+08
        2.861716e+08
        2.863243e+08
        2.864769e+08
        2.866295e+08
        2.867821e+08
        2.869348e+08
        2.870874e+08
        2.872400e+08
        2.873926e+08
        2.875453e+08
        2.876979e+08
        2.878505e+08
        2.880031e+08
        2.881558e+08
        2.883084e+08
        2.884610e+08
        2.886136e+08
        2.887662e+08
        2.889189e+08
        2.890715e+08
        2.892241e+08
        2.893768e+08
        2.895294e+08
        2.896820e+08
        2.898346e+08
        2.899872e+08
        2.901399e+08
        2.902925e+08
        2.904451e+08
        2.905977e+08
        2.907504e+08
        2.909030e+08
        2.910556e+08
        2.912082e+08
        2.913609e+08
        2.915135e+08
        2.916661e+08
        2.918187e+08
        2.919714e+08
        2.921240e+08
        2.922766e+08
        2.924292e+08
        2.925819e+08
        2.927345e+08
        2.928871e+08
        2.930397e+08
        2.931924e+08
        2.933450e+08
        2.934976e+08
        2.936502e+08
        2.938029e+08
        2.939555e+08
        2.941081e+08
        2.942607e+08
        2.944134e+08
        2.945660e+08
        2.947186e+08
        2.948712e+08
        2.950239e+08
        2.951765e+08
        2.953291e+08
        2.954817e+08
        2.956344e+08
        2.957870e+08
        2.959396e+08
        2.960922e+08
        2.962449e+08
        2.963975e+08
        2.965501e+08
        2.967027e+08
        2.968554e+08
        2.970080e+08
        2.971606e+08
        2.973132e+08
        2.974659e+08
        2.976185e+08
        2.977711e+08
        2.979237e+08
        2.980764e+08
        2.982290e+08
        2.983816e+08
        2.985342e+08
        2.986869e+08
        2.988395e+08
        2.989921e+08
        2.991447e+08
        2.992974e+08
        2.994500e+08
        2.996026e+08
        2.997552e+08
        2.999079e+08
        3.000605e+08
        3.002131e+08
        3.003657e+08
        3.005184e+08
        3.006710e+08
        3.008236e+08
        3.009762e+08
        3.011289e+08
        3.012815e+08
        3.014341e+08
        3.015867e+08
        3.017394e+08
        3.018920e+08
        3.020446e+08
        3.021972e+08
        3.023499e+08
        3.025025e+08
        3.026551e+08
        3.028077e+08
        3.029604e+08
        3.031130e+08
        3.032656e+08
        3.034182e+08
        3.035709e+08
        3.037235e+08
        3.038761e+08
        3.040287e+08
        3.041814e+08
        3.043340e+08
        3.044866e+08
        3.046392e+08
        3.047919e+08
        3.049445e+08
        3.050971e+08
        3.052497e+08
        3.054024e+08
        3.055550e+08
        3.057076e+08
        3.058602e+08
        3.060129e+08
        3.061655e+08
        3.063181e+08
        3.064707e+08
        3.066234e+08
        3.067760e+08
        3.069286e+08
        3.070812e+08
        3.072339e+08
        3.073865e+08
        3.075391e+08
        3.076917e+08
        3.078444e+08
        3.079970e+08
        3.081496e+08
        3.083022e+08
        3.084549e+08
        3.086075e+08
        3.087601e+08
        3.089127e+08
        3.090654e+08
        3.092180e+08
        3.093706e+08
        3.095232e+08
        3.096759e+08
        3.098285e+08
        3.099811e+08
        3.101337e+08
        3.102864e+08
        3.104390e+08
        3.105916e+08
        3.107442e+08
        3.108969e+08
        3.110495e+08
        3.112021e+08
        3.113547e+08
        3.115074e+08
        3.116600e+08
        3.118126e+08
        3.119652e+08
        3.121179e+08
        3.122705e+08
        3.124231e+08
        3.125757e+08
        3.127284e+08
        3.128810e+08
        3.130336e+08
        3.131862e+08
        3.133389e+08
        3.134915e+08
        3.136441e+08
        3.137967e+08
        3.139494e+08
        3.141020e+08
        3.142546e+08
        3.144072e+08
        3.145599e+08
        3.147125e+08
        3.148651e+08
        3.150177e+08
        3.151704e+08
        3.153230e+08
        3.154756e+08
        3.156282e+08
        3.157809e+08
        3.159335e+08
        3.160861e+08
        3.162387e+08
        3.163914e+08
        3.165440e+08
        3.166966e+08
        3.168492e+08
        3.170019e+08
        3.171545e+08
        3.173071e+08
        3.174597e+08
        3.176124e+08
        3.177650e+08
        3.179176e+08
        3.180702e+08
        3.182228e+08
        3.183755e+08
        3.185281e+08
        3.186807e+08
        3.188334e+08
        3.189860e+08
        3.191386e+08
        3.192912e+08
        3.194438e+08
        3.195965e+08
        3.197491e+08
        3.199017e+08
        3.200544e+08
        3.202070e+08
        3.203596e+08
        3.205122e+08
        3.206648e+08
        3.208175e+08
        3.209701e+08
        3.211227e+08
        3.212753e+08
        3.214280e+08
        3.215806e+08
        3.217332e+08
        3.218858e+08
        3.220385e+08
        3.221911e+08
        3.223437e+08
        3.224963e+08
        3.226490e+08
        3.228016e+08
        3.229542e+08
        3.231068e+08
        3.232595e+08
        3.234121e+08
        3.235647e+08
        3.237173e+08
        3.238700e+08
        3.240226e+08
        3.241752e+08
        3.243278e+08
        3.244805e+08
        3.246331e+08
        3.247857e+08
        3.249383e+08
        3.250910e+08
        3.252436e+08
        3.253962e+08
        3.255488e+08
        3.257015e+08
        3.258541e+08
        3.260067e+08
        3.261593e+08
        3.263120e+08
        3.264646e+08
        3.266172e+08
        3.267698e+08
        3.269225e+08
        3.270751e+08
        3.272277e+08
        3.273803e+08
        3.275330e+08
        3.276856e+08
        3.278382e+08
        3.279908e+08
        3.281435e+08
        3.282961e+08
        3.284487e+08
        3.286013e+08
        3.287540e+08
        3.289066e+08
        3.290592e+08
        3.292118e+08
        3.293645e+08
        3.295171e+08
        3.296697e+08
        3.298223e+08
        3.299750e+08
        3.301276e+08
        3.302802e+08
        3.304328e+08
        3.305855e+08
        3.307381e+08
        3.308907e+08
        3.310433e+08
        3.311960e+08
        3.313486e+08
        3.315012e+08
        3.316538e+08
        3.318065e+08
        3.319591e+08
        3.321117e+08
        3.322643e+08
        3.324170e+08
        3.325696e+08
        3.327222e+08
        3.328748e+08
        3.330275e+08
        3.331801e+08
        3.333327e+08
        3.334853e+08
        3.336380e+08
        3.337906e+08
        3.339432e+08
        3.340958e+08
        3.342485e+08
        3.344011e+08
        3.345537e+08
        3.347063e+08
        3.348590e+08
        3.350116e+08
        3.351642e+08
        3.353168e+08
        3.354695e+08
        3.356221e+08
        3.357747e+08
        3.359273e+08
        3.360800e+08
        3.362326e+08
        3.363852e+08
        3.365378e+08
        3.366905e+08
        3.368431e+08
        3.369957e+08
        3.371483e+08
        3.373010e+08
        3.374536e+08
        3.376062e+08
        3.377588e+08
        3.379115e+08
        3.380641e+08
        3.382167e+08
        3.383693e+08
        3.385220e+08
        3.386746e+08
        3.388272e+08
        3.389798e+08
        3.391325e+08
        3.392851e+08
        3.394377e+08
        3.395903e+08
        3.397430e+08
        3.398956e+08
        3.400482e+08
        3.402008e+08
        3.403535e+08
        3.405061e+08
        3.406587e+08
        3.408113e+08
        3.409640e+08
        3.411166e+08
        3.412692e+08
        3.414218e+08
        3.415745e+08
        3.417271e+08
        3.418797e+08
        3.420323e+08
        3.421850e+08
        3.423376e+08
        3.424902e+08
        3.426428e+08
        3.427955e+08
        3.429481e+08
        3.431007e+08
        3.432533e+08
        3.434060e+08
        3.435586e+08
        3.437112e+08
        3.438638e+08
        3.440165e+08
        3.441691e+08
        3.443217e+08
        3.444743e+08
        3.446270e+08
        3.447796e+08
        3.449322e+08
        3.450848e+08
        3.452375e+08
        3.453901e+08
        3.455427e+08
        3.456953e+08
        3.458480e+08
        3.460006e+08
        3.461532e+08
        3.463058e+08
        3.464585e+08
        3.466111e+08
        3.467637e+08
        3.469163e+08
        3.470690e+08
        3.472216e+08
        3.473742e+08
        3.475268e+08
        3.476795e+08
        3.478321e+08
        3.479847e+08
        3.481373e+08
        3.482900e+08
        3.484426e+08
        3.485952e+08
        3.487478e+08
        3.489004e+08
        3.490531e+08
        3.492057e+08
        3.493583e+08
        3.495109e+08
        3.496636e+08
        3.498162e+08
        3.499688e+08
        3.501214e+08
        3.502741e+08
        3.504267e+08
        3.505793e+08
        3.507319e+08
        3.508846e+08
        3.510372e+08
        3.511898e+08
        3.513424e+08
        3.514951e+08
        3.516477e+08
        3.518003e+08
        3.519529e+08
        3.521056e+08
        3.522582e+08
        3.524108e+08
        3.525634e+08
        3.527161e+08
        3.528687e+08
        3.530213e+08
        3.531739e+08
        3.533266e+08
        3.534792e+08
        3.536318e+08
        3.537844e+08
        3.539371e+08
        3.540897e+08
        3.542423e+08
        3.543949e+08
        3.545476e+08
        3.547002e+08
        3.548528e+08
        3.550054e+08
        3.551581e+08
        3.553107e+08
        3.554633e+08
        3.556159e+08
        3.557686e+08
        3.559212e+08
        3.560738e+08
        3.562264e+08
        3.563791e+08
        3.565317e+08
        3.566843e+08
        3.568369e+08
        3.569896e+08
        3.571422e+08
        3.572948e+08
        3.574474e+08
        3.576001e+08
        3.577527e+08
        3.579053e+08
        3.580579e+08
        3.582106e+08
        3.583632e+08
        3.585158e+08
        3.586684e+08
        3.588211e+08
        3.589737e+08
        3.591263e+08
        3.592789e+08
        3.594316e+08
        3.595842e+08
        3.597368e+08
        3.598894e+08
        3.600421e+08
        3.601947e+08
        3.603473e+08
        3.604999e+08
        3.606526e+08
        3.608052e+08
        3.609578e+08
        3.611104e+08
        3.612631e+08
        3.614157e+08
        3.615683e+08
        3.617209e+08
        3.618736e+08
        3.620262e+08
        3.621788e+08
        3.623314e+08
        3.624841e+08
        3.626367e+08
        3.627893e+08
        3.629419e+08
        3.630946e+08
        3.632472e+08
        3.633998e+08
        3.635524e+08
        3.637051e+08
        3.638577e+08
        3.640103e+08
        3.641629e+08
        3.643156e+08
        3.644682e+08
        3.646208e+08
        3.647734e+08
        3.649261e+08
        3.650787e+08
        3.652313e+08
        3.653839e+08
        3.655366e+08
        3.656892e+08
        3.658418e+08
        3.659944e+08
        3.661471e+08
        3.662997e+08
        3.664523e+08
        3.666049e+08
        3.667576e+08
        3.669102e+08
        3.670628e+08
        3.672154e+08
        3.673681e+08
        3.675207e+08
        3.676733e+08
        3.678259e+08
        3.679786e+08
        3.681312e+08
        3.682838e+08
        3.684364e+08
        3.685891e+08
        3.687417e+08
        3.688943e+08
        3.690469e+08
        3.691996e+08
        3.693522e+08
        3.695048e+08
        3.696574e+08
        3.698101e+08
        3.699627e+08
        3.701153e+08
        3.702679e+08
        3.704206e+08
        3.705732e+08
        3.707258e+08
        3.708784e+08
        3.710311e+08
        3.711837e+08
        3.713363e+08
        3.714889e+08
        3.716416e+08
        3.717942e+08
        3.719468e+08
        3.720994e+08
        3.722521e+08
        3.724047e+08
        3.725573e+08
        3.727099e+08
        3.728626e+08
        3.730152e+08
        3.731678e+08
        3.733204e+08
        3.734731e+08
        3.736257e+08
        3.737783e+08
        3.739309e+08
        3.740836e+08
        3.742362e+08
        3.743888e+08
        3.745414e+08
        3.746941e+08
        3.748467e+08
        3.749993e+08
        3.751519e+08
        3.753046e+08
        3.754572e+08
        3.756098e+08
        3.757624e+08
        3.759151e+08
        3.760677e+08
        3.762203e+08
        3.763729e+08
        3.765256e+08
        3.766782e+08
        3.768308e+08
        3.769834e+08
        3.771361e+08
        3.772887e+08
        3.774413e+08
        3.775939e+08
        3.777466e+08
        3.778992e+08
        3.780518e+08
        3.782044e+08
        3.783571e+08
        3.785097e+08
        3.786623e+08
        3.788149e+08
        3.789676e+08
        3.791202e+08
        3.792728e+08
        3.794254e+08
        3.795780e+08
        3.797307e+08
        3.798833e+08
        3.800359e+08
        3.801886e+08
        3.803412e+08
        3.804938e+08
        3.806464e+08
        3.807990e+08
        3.809517e+08
        3.811043e+08
        3.812569e+08
        3.814095e+08
        3.815622e+08
        3.817148e+08
        3.818674e+08
        3.820200e+08
        3.821727e+08
        3.823253e+08
        3.824779e+08
        3.826305e+08
        3.827832e+08
        3.829358e+08
        3.830884e+08
        3.832410e+08
        3.833937e+08
        3.835463e+08
        3.836989e+08
        3.838515e+08
        3.840042e+08
        3.841568e+08
