        1.826893e+07
        1.826893e+07
        1.828497e+07
        1.828497e+07
        1.830147e+07
        1.830147e+07
        1.831934e+07
        1.831934e+07
        1.833813e+07
        1.833813e+07
        1.835830e+07
        1.835830e+07
        1.837938e+07
        1.837938e+07
        1.840230e+07
        1.840230e+07
        1.842659e+07
        1.842659e+07
        1.845220e+07
        1.845220e+07
        1.848016e+07
        1.848016e+07
        1.850995e+07
        1.850995e+07
        1.854204e+07
        1.854204e+07
        1.857686e+07
        1.857686e+07
        1.861445e+07
        1.861445e+07
        1.865570e+07
        1.865570e+07
        1.870010e+07
        1.870010e+07
        1.874914e+07
        1.874914e+07
        1.880322e+07
        1.880322e+07
        1.886235e+07
        1.886235e+07
        1.892827e+07
        1.892827e+07
        1.900207e+07
        1.900207e+07
        1.908410e+07
        1.908410e+07
        1.917709e+07
        1.917709e+07
        1.928250e+07
        1.928250e+07
        1.940299e+07
        1.940299e+07
        1.954140e+07
        1.954140e+07
        1.970222e+07
        1.970222e+07
        1.988966e+07
        1.988966e+07
        2.011098e+07
        2.011098e+07
        2.037354e+07
        2.037354e+07
        2.068594e+07
        2.068594e+07
        2.105937e+07
        2.105937e+07
        2.150296e+07
        2.150296e+07
        2.202260e+07
        2.202260e+07
        2.261456e+07
        2.261456e+07
        2.326024e+07
        2.326024e+07
        3.327240e+05
        3.327240e+05
        9.784000e+05
        9.784000e+05
        1.570363e+06
        1.570363e+06
