        8.299000e+03
        1.654900e+04
        2.525800e+04
        3.350900e+04
        4.175900e+04
        5.001000e+04
        5.819500e+04
        6.690400e+04
        7.515400e+04
        8.340500e+04
        9.165600e+04
        9.990600e+04
        1.086150e+05
        1.168650e+05
        1.251150e+05
        1.333660e+05
        1.416160e+05
        1.503250e+05
        1.585760e+05
        1.668260e+05
        1.750690e+05
        1.833190e+05
        1.915700e+05
        2.002790e+05
        2.085290e+05
        2.167800e+05
        2.250310e+05
        2.332800e+05
        2.415310e+05
        2.497810e+05
        2.580320e+05
        2.667410e+05
        2.749910e+05
        2.832420e+05
        2.914710e+05
        2.997210e+05
        3.079720e+05
        3.162220e+05
        3.244730e+05
        3.327240e+05
        3.409740e+05
        3.492240e+05
        3.574740e+05
        3.657250e+05
        3.744340e+05
        3.826840e+05
        3.909350e+05
        3.991860e+05
        4.074280e+05
        4.156790e+05
        4.239290e+05
        4.317210e+05
        4.399720e+05
        4.482220e+05
        4.564730e+05
        4.647230e+05
        4.729730e+05
        4.812240e+05
        4.894740e+05
        4.977250e+05
        5.059750e+05
        5.142260e+05
        5.224110e+05
        5.302030e+05
        5.384540e+05
        5.467040e+05
        5.549550e+05
        5.632050e+05
        5.714560e+05
        5.792480e+05
        5.874980e+05
        5.957480e+05
        6.039990e+05
        6.117910e+05
        6.200420e+05
        6.282920e+05
        6.360850e+05
        6.443270e+05
        6.525770e+05
        6.603700e+05
        6.686200e+05
        6.768710e+05
        6.846630e+05
        6.929140e+05
        7.011630e+05
        7.089550e+05
        7.172060e+05
        7.249980e+05
        7.332490e+05
        7.410410e+05
        7.492910e+05
        7.570200e+05
        7.652700e+05
        7.730620e+05
        7.813130e+05
        7.891050e+05
        7.973560e+05
        8.051480e+05
        8.129400e+05
        8.211900e+05
        8.289820e+05
        8.367740e+05
        8.450250e+05
        8.528170e+05
        8.606090e+05
        8.684010e+05
        8.766440e+05
        8.844360e+05
        8.922280e+05
        9.000200e+05
        9.078120e+05
        9.160630e+05
        9.238550e+05
        9.316460e+05
        9.394390e+05
        9.472310e+05
        9.550230e+05
        9.628150e+05
        9.706070e+05
        9.784000e+05
        9.861920e+05
        9.939190e+05
        1.001711e+06
        1.009503e+06
        1.017295e+06
        1.025087e+06
        1.032880e+06
        1.040672e+06
        1.048006e+06
        1.055797e+06
        1.063589e+06
        1.071381e+06
        1.079173e+06
        1.086507e+06
        1.094299e+06
        1.102092e+06
        1.109417e+06
        1.117210e+06
        1.125002e+06
        1.132336e+06
        1.140128e+06
        1.147462e+06
        1.155254e+06
        1.163046e+06
        1.170379e+06
        1.177713e+06
        1.185505e+06
        1.192839e+06
        1.200631e+06
        1.207965e+06
        1.215674e+06
        1.223008e+06
        1.230341e+06
        1.238134e+06
        1.245467e+06
        1.252800e+06
        1.260593e+06
        1.267926e+06
        1.275260e+06
        1.282594e+06
        1.289928e+06
        1.297262e+06
        1.304596e+06
        1.312380e+06
        1.319713e+06
        1.327047e+06
        1.334381e+06
        1.341715e+06
        1.349049e+06
        1.356383e+06
        1.363258e+06
        1.370591e+06
        1.377925e+06
        1.385259e+06
        1.392592e+06
        1.399926e+06
        1.407260e+06
        1.414135e+06
        1.421469e+06
        1.428738e+06
        1.436072e+06
        1.442947e+06
        1.450281e+06
        1.457156e+06
        1.464490e+06
        1.471824e+06
        1.478700e+06
        1.486032e+06
        1.492908e+06
        1.500242e+06
        1.507117e+06
        1.513993e+06
        1.521326e+06
        1.528202e+06
        1.535077e+06
        1.542411e+06
        1.549279e+06
        1.556154e+06
        1.563488e+06
        1.570363e+06
        1.577239e+06
        1.584114e+06
        1.590990e+06
        1.597865e+06
        1.605198e+06
        1.612074e+06
        1.618949e+06
        1.625824e+06
        1.632700e+06
        1.639575e+06
        1.646451e+06
        1.652868e+06
        1.659743e+06
        1.666555e+06
        1.673430e+06
        1.680306e+06
        1.687181e+06
        1.693598e+06
        1.700474e+06
        1.707349e+06
        1.714225e+06
        1.720641e+06
        1.727516e+06
        1.733933e+06
        1.740809e+06
        1.747684e+06
        1.754101e+06
        1.760977e+06
        1.767394e+06
        1.774270e+06
        1.780678e+06
        1.787096e+06
        1.793971e+06
        1.800388e+06
        1.806805e+06
        1.813681e+06
        1.820098e+06
        1.826515e+06
        1.832932e+06
        1.839807e+06
        1.846224e+06
        1.852641e+06
        1.859058e+06
        1.865475e+06
        1.871892e+06
        1.878309e+06
        1.884726e+06
        1.891143e+06
        1.897495e+06
        1.903912e+06
        1.910329e+06
        1.916746e+06
        1.923164e+06
        1.929581e+06
        1.935539e+06
        1.941956e+06
        1.948374e+06
        1.954790e+06
        1.960748e+06
        1.967166e+06
        1.973583e+06
        1.979541e+06
        1.985958e+06
        1.991917e+06
        1.998334e+06
        2.004293e+06
        2.010710e+06
        2.016661e+06
        2.023078e+06
        2.029037e+06
        2.034995e+06
        2.041412e+06
        2.047371e+06
        2.053330e+06
        2.059747e+06
        2.065706e+06
        2.071663e+06
        2.077622e+06
        2.084039e+06
        2.089998e+06
        2.095957e+06
        2.101916e+06
        2.107874e+06
        2.113833e+06
        2.119792e+06
        2.125751e+06
        2.131688e+06
        2.137646e+06
        2.143605e+06
        2.149564e+06
        2.155064e+06
        2.161023e+06
        2.166982e+06
        2.172940e+06
        2.178899e+06
        2.184400e+06
        2.190357e+06
        2.196316e+06
        2.201816e+06
        2.207775e+06
        2.213734e+06
        2.219234e+06
        2.225193e+06
        2.230693e+06
        2.236652e+06
        2.242153e+06
        2.248103e+06
        2.253604e+06
        2.259104e+06
        2.265063e+06
        2.270563e+06
        2.276063e+06
        2.282022e+06
        2.287522e+06
        2.293023e+06
        2.298523e+06
        2.304481e+06
        2.309981e+06
        2.315482e+06
        2.320982e+06
        2.326483e+06
        2.331983e+06
        2.337483e+06
        2.342984e+06
        2.348484e+06
        2.353984e+06
        2.359485e+06
        2.364920e+06
        2.370420e+06
        2.375921e+06
        2.380963e+06
        2.386463e+06
        2.391963e+06
        2.397464e+06
        2.402964e+06
        2.408006e+06
        2.413506e+06
        2.419007e+06
        2.424048e+06
        2.429548e+06
        2.434590e+06
        2.440091e+06
        2.445133e+06
        2.450633e+06
        2.455675e+06
        2.461175e+06
        2.466217e+06
        2.471718e+06
        2.476760e+06
        2.481794e+06
        2.487294e+06
        2.492336e+06
        2.497378e+06
        2.502878e+06
        2.507920e+06
        2.512962e+06
        2.518004e+06
        2.523046e+06
        2.528547e+06
        2.533589e+06
        2.538630e+06
        2.543672e+06
        2.548714e+06
        2.553756e+06
        2.558798e+06
        2.563840e+06
        2.568882e+06
        2.573924e+06
        2.578966e+06
        2.583550e+06
        2.588592e+06
        2.593634e+06
        2.598612e+06
        2.603654e+06
        2.608696e+06
        2.613279e+06
        2.618321e+06
        2.623363e+06
        2.627947e+06
        2.632989e+06
        2.638031e+06
        2.642615e+06
        2.647657e+06
        2.652240e+06
        2.657281e+06
        2.661865e+06
        2.666907e+06
        2.671491e+06
        2.676533e+06
        2.681116e+06
        2.686158e+06
        2.690742e+06
        2.695325e+06
        2.700367e+06
        2.704951e+06
        2.709535e+06
        2.714110e+06
        2.719152e+06
        2.723736e+06
        2.728320e+06
        2.732903e+06
        2.737487e+06
        2.742070e+06
        2.747112e+06
        2.751696e+06
        2.756280e+06
        2.760863e+06
        2.765447e+06
        2.770031e+06
        2.774613e+06
        2.779197e+06
        2.783322e+06
        2.787906e+06
        2.792490e+06
        2.797073e+06
        2.801657e+06
        2.806241e+06
        2.810366e+06
        2.814949e+06
        2.819533e+06
        2.824117e+06
        2.828242e+06
        2.832760e+06
        2.837344e+06
        2.841469e+06
        2.846053e+06
        2.850637e+06
        2.854762e+06
        2.859345e+06
        2.863471e+06
        2.868054e+06
        2.872180e+06
        2.876763e+06
        2.880889e+06
        2.885472e+06
        2.889597e+06
        2.893722e+06
        2.898305e+06
        2.902431e+06
        2.906556e+06
        2.911140e+06
        2.915265e+06
        2.919390e+06
        2.923974e+06
        2.928099e+06
        2.932224e+06
        2.936350e+06
        2.940475e+06
        2.944600e+06
        2.949176e+06
        2.953180e+06
        2.957306e+06
        2.961431e+06
        2.965556e+06
        2.969681e+06
        2.973807e+06
        2.977932e+06
        2.982057e+06
        2.986183e+06
        2.990308e+06
        2.994433e+06
        2.998558e+06
        3.002225e+06
        3.006351e+06
        3.010475e+06
        3.014600e+06
        3.018726e+06
        3.022392e+06
        3.026518e+06
        3.030643e+06
        3.034768e+06
        3.038435e+06
        3.042560e+06
        3.046686e+06
        3.050353e+06
        3.054478e+06
        3.058145e+06
        3.062270e+06
        3.065937e+06
        3.069997e+06
        3.074122e+06
        3.077789e+06
        3.081914e+06
        3.085581e+06
        3.089248e+06
        3.093374e+06
        3.097041e+06
        3.101166e+06
        3.104833e+06
        3.108500e+06
        3.112625e+06
        3.116292e+06
        3.119959e+06
        3.123626e+06
        3.127750e+06
        3.131417e+06
        3.135084e+06
        3.138751e+06
        3.142876e+06
        3.146543e+06
        3.150210e+06
        3.153877e+06
        3.157544e+06
        3.161210e+06
        3.164877e+06
        3.168544e+06
        3.172211e+06
        3.175878e+06
        3.179545e+06
        3.183212e+06
        3.186871e+06
        3.190538e+06
        3.194205e+06
        3.197872e+06
        3.201538e+06
        3.205205e+06
        3.208872e+06
        3.212081e+06
        3.215748e+06
        3.219415e+06
        3.223082e+06
        3.226748e+06
        3.229957e+06
        3.233624e+06
        3.237291e+06
        3.240958e+06
        3.244166e+06
        3.247832e+06
        3.251499e+06
        3.254708e+06
        3.258375e+06
        3.261583e+06
        3.265250e+06
        3.268917e+06
        3.272126e+06
        3.275792e+06
        3.279001e+06
        3.282668e+06
        3.285877e+06
        3.289543e+06
        3.292752e+06
        3.296419e+06
        3.299627e+06
        3.302836e+06
        3.306439e+06
        3.309647e+06
        3.313314e+06
        3.316523e+06
        3.319731e+06
        3.323398e+06
        3.326607e+06
        3.329816e+06
        3.333024e+06
        3.336691e+06
        3.339899e+06
        3.343108e+06
        3.346317e+06
        3.349525e+06
        3.353192e+06
        3.356401e+06
        3.359609e+06
        3.362817e+06
        3.366025e+06
        3.369234e+06
        3.372442e+06
        3.375651e+06
        3.378860e+06
        3.382068e+06
        3.385277e+06
        3.388485e+06
        3.391694e+06
        3.394902e+06
        3.398111e+06
        3.401319e+06
        3.404528e+06
        3.407736e+06
        3.410945e+06
        3.414154e+06
        3.417362e+06
        3.420563e+06
        3.423313e+06
        3.426521e+06
        3.429730e+06
        3.432938e+06
        3.436147e+06
        3.438897e+06
        3.442106e+06
        3.445314e+06
        3.448523e+06
        3.451273e+06
        3.454481e+06
        3.457690e+06
        3.460440e+06
        3.463649e+06
        3.466857e+06
        3.469608e+06
        3.472816e+06
        3.475566e+06
        3.478775e+06
        3.481982e+06
        3.484733e+06
        3.487941e+06
        3.490691e+06
        3.493900e+06
        3.496650e+06
        3.499859e+06
        3.502609e+06
        3.505817e+06
        3.508568e+06
        3.511318e+06
        3.514526e+06
        3.517276e+06
        3.520485e+06
        3.523235e+06
        3.525985e+06
        3.529194e+06
        3.531944e+06
        3.534694e+06
        3.537837e+06
        3.540588e+06
        3.543338e+06
        3.546546e+06
        3.549297e+06
        3.552047e+06
        3.554797e+06
        3.557547e+06
        3.560756e+06
        3.563506e+06
        3.566256e+06
        3.569006e+06
        3.571756e+06
        3.574507e+06
        3.577715e+06
        3.580465e+06
        3.583216e+06
        3.585966e+06
        3.588716e+06
        3.591466e+06
        3.594216e+06
        3.596966e+06
        3.599716e+06
        3.602466e+06
        3.605216e+06
        3.607966e+06
        3.610717e+06
        3.613467e+06
        3.616217e+06
        3.618967e+06
        3.621717e+06
        3.624467e+06
        3.627218e+06
        3.629509e+06
        3.632260e+06
        3.635010e+06
        3.637760e+06
        3.640510e+06
        3.643260e+06
        3.645552e+06
        3.648302e+06
        3.651053e+06
        3.653803e+06
        3.656545e+06
        3.658837e+06
        3.661587e+06
        3.664337e+06
        3.666629e+06
        3.669379e+06
        3.672129e+06
        3.674879e+06
        3.677171e+06
        3.679921e+06
        3.682672e+06
        3.684963e+06
        3.687714e+06
        3.690005e+06
        3.692756e+06
        3.695506e+06
        3.697798e+06
        3.700548e+06
        3.702840e+06
        3.705590e+06
        3.707882e+06
        3.710632e+06
        3.712924e+06
        3.715673e+06
        3.717965e+06
        3.720715e+06
        3.723007e+06
        3.725757e+06
        3.728049e+06
        3.730799e+06
        3.733091e+06
        3.735383e+06
        3.738133e+06
        3.740425e+06
        3.743175e+06
        3.745466e+06
        3.747758e+06
        3.750509e+06
        3.752800e+06
        3.755092e+06
        3.757842e+06
        3.760134e+06
        3.762426e+06
        3.764718e+06
        3.767468e+06
        3.769760e+06
        3.772030e+06
        3.774322e+06
        3.777072e+06
        3.779364e+06
        3.781656e+06
        3.783948e+06
        3.786239e+06
        3.788990e+06
        3.791281e+06
        3.793573e+06
        3.795865e+06
        3.798157e+06
        3.800449e+06
        3.802740e+06
        3.805032e+06
        3.807783e+06
        3.810074e+06
        3.812366e+06
        3.814658e+06
        3.816950e+06
        3.819242e+06
        3.821533e+06
        3.823825e+06
        3.826117e+06
        3.828408e+06
        3.830700e+06
        3.832992e+06
        3.835283e+06
        3.837575e+06
        3.839867e+06
        3.842159e+06
        3.844451e+06
        3.846743e+06
        3.848576e+06
        3.850868e+06
        3.853160e+06
        3.855452e+06
        3.857743e+06
        3.860035e+06
        3.862327e+06
        3.864619e+06
        3.866452e+06
        3.868744e+06
        3.871036e+06
        3.873328e+06
        3.875620e+06
        3.877453e+06
        3.879745e+06
        3.882037e+06
        3.884328e+06
        3.886154e+06
        3.888446e+06
        3.890737e+06
        3.893029e+06
        3.894863e+06
        3.897155e+06
        3.899446e+06
        3.901280e+06
        3.903572e+06
        3.905863e+06
        3.907697e+06
        3.909989e+06
        3.912281e+06
        3.914114e+06
        3.916406e+06
        3.918698e+06
        3.920531e+06
        3.922823e+06
        3.924656e+06
        3.926948e+06
        3.929240e+06
        3.931073e+06
        3.933365e+06
        3.935199e+06
        3.937491e+06
        3.939324e+06
        3.941616e+06
        3.943449e+06
        3.945740e+06
        3.947574e+06
        3.949865e+06
        3.951699e+06
        3.953991e+06
        3.955824e+06
        3.958116e+06
        3.959949e+06
        3.961783e+06
        3.964075e+06
        3.965908e+06
        3.968200e+06
        3.970034e+06
        3.972325e+06
        3.974159e+06
        3.975992e+06
        3.978284e+06
        3.980117e+06
        3.981951e+06
        3.984243e+06
        3.986076e+06
        3.987910e+06
        3.990202e+06
        3.992035e+06
        3.993868e+06
        3.996160e+06
        3.997994e+06
        3.999827e+06
        4.001661e+06
        4.003887e+06
        4.005721e+06
        4.007554e+06
        4.009387e+06
        4.011679e+06
        4.013513e+06
        4.015346e+06
        4.017180e+06
        4.019471e+06
        4.021305e+06
        4.023138e+06
        4.024972e+06
        4.026805e+06
        4.028639e+06
        4.030931e+06
        4.032764e+06
        4.034597e+06
        4.036431e+06
        4.038264e+06
        4.040098e+06
        4.041931e+06
        4.043765e+06
        4.045598e+06
        4.047432e+06
        4.049724e+06
        4.051557e+06
        4.053390e+06
        4.055224e+06
        4.057057e+06
        4.058891e+06
        4.060724e+06
        4.062557e+06
        4.064390e+06
        4.066224e+06
        4.068057e+06
        4.069891e+06
        4.071724e+06
        4.073558e+06
        4.075391e+06
        4.077224e+06
        4.079058e+06
        4.080891e+06
        4.082725e+06
        4.084558e+06
        4.085933e+06
        4.087767e+06
        4.089600e+06
        4.091434e+06
        4.093267e+06
        4.095101e+06
        4.096934e+06
        4.098768e+06
        4.100601e+06
        4.101976e+06
        4.103810e+06
        4.105643e+06
        4.107476e+06
        4.109310e+06
        4.111143e+06
        4.112518e+06
        4.114352e+06
        4.116185e+06
        4.118019e+06
        4.119852e+06
        4.121219e+06
        4.123053e+06
        4.124886e+06
        4.126720e+06
        4.128553e+06
        4.129928e+06
        4.131762e+06
        4.133595e+06
        4.134970e+06
        4.136804e+06
        4.138637e+06
        4.140471e+06
        4.141846e+06
        4.143679e+06
        4.145513e+06
        4.146888e+06
        4.148721e+06
        4.150555e+06
        4.151930e+06
        4.153763e+06
        4.155597e+06
        4.156972e+06
        4.158805e+06
        4.160639e+06
        4.162014e+06
        4.163847e+06
        4.165222e+06
        4.167056e+06
        4.168889e+06
        4.170264e+06
        4.172098e+06
        4.173473e+06
        4.175306e+06
        4.177140e+06
        4.178515e+06
        4.180347e+06
        4.181722e+06
        4.183556e+06
        4.184931e+06
        4.186764e+06
        4.188140e+06
        4.189973e+06
        4.191348e+06
        4.193182e+06
        4.194557e+06
        4.196390e+06
        4.197765e+06
        4.199599e+06
        4.200974e+06
        4.202807e+06
        4.204182e+06
        4.206016e+06
        4.207391e+06
        4.209224e+06
        4.210599e+06
        4.212433e+06
        4.213808e+06
        4.215183e+06
        4.217016e+06
        4.218392e+06
        4.220225e+06
        4.221600e+06
        4.222975e+06
        4.224809e+06
        4.226184e+06
        4.228017e+06
        4.229392e+06
        4.230767e+06
        4.232601e+06
        4.233976e+06
        4.235351e+06
        4.237185e+06
        4.238496e+06
        4.239871e+06
        4.241704e+06
        4.243079e+06
        4.244454e+06
        4.246288e+06
        4.247663e+06
        4.249038e+06
        4.250871e+06
        4.252247e+06
        4.253622e+06
        4.254997e+06
        4.256830e+06
        4.258205e+06
        4.259580e+06
        4.260955e+06
        4.262789e+06
        4.264164e+06
        4.265539e+06
        4.266914e+06
        4.268748e+06
        4.270123e+06
        4.271498e+06
        4.272873e+06
        4.274248e+06
        4.276081e+06
        4.277457e+06
        4.278832e+06
        4.280207e+06
        4.281582e+06
        4.283415e+06
        4.284790e+06
        4.286165e+06
        4.287541e+06
        4.288916e+06
        4.290291e+06
        4.291666e+06
        4.293499e+06
        4.294874e+06
        4.296249e+06
        4.297624e+06
        4.298999e+06
        4.300374e+06
        4.301749e+06
        4.303124e+06
        4.304499e+06
        4.305874e+06
        4.307708e+06
        4.309083e+06
        4.310458e+06
        4.311833e+06
        4.313208e+06
        4.314583e+06
        4.315958e+06
        4.317333e+06
        4.318708e+06
        4.320084e+06
        4.321459e+06
        4.322834e+06
        4.324209e+06
        4.325584e+06
        4.326959e+06
        4.328334e+06
        4.329709e+06
        4.331084e+06
        4.332459e+06
        4.333834e+06
        4.335209e+06
        4.336585e+06
        4.337960e+06
        4.339335e+06
        4.340710e+06
        4.342085e+06
        4.343460e+06
        4.344835e+06
        4.346210e+06
        4.347585e+06
        4.348960e+06
        4.350336e+06
        4.351252e+06
        4.352627e+06
        4.354002e+06
        4.355369e+06
        4.356745e+06
        4.358120e+06
        4.359495e+06
        4.360870e+06
        4.362245e+06
        4.363620e+06
        4.364537e+06
        4.365912e+06
        4.367287e+06
        4.368662e+06
        4.370037e+06
        4.371412e+06
        4.372787e+06
        4.373704e+06
        4.375079e+06
        4.376454e+06
        4.377829e+06
        4.379204e+06
        4.380580e+06
        4.381496e+06
        4.382871e+06
        4.384246e+06
        4.385621e+06
        4.386997e+06
        4.387913e+06
        4.389288e+06
        4.390663e+06
        4.392039e+06
        4.392955e+06
        4.394330e+06
        4.395705e+06
        4.397081e+06
        4.398456e+06
        4.399372e+06
        4.400747e+06
        4.402123e+06
        4.403039e+06
        4.404414e+06
        4.405790e+06
        4.407165e+06
        4.408081e+06
        4.409456e+06
        4.410832e+06
        4.412207e+06
        4.413122e+06
        4.414497e+06
        4.415873e+06
        4.416789e+06
        4.418164e+06
        4.419539e+06
        4.420456e+06
        4.421831e+06
        4.423206e+06
        4.424123e+06
        4.425498e+06
        4.426873e+06
        4.427790e+06
        4.429165e+06
        4.430540e+06
        4.431457e+06
        4.432832e+06
        4.434207e+06
        4.435124e+06
        4.436499e+06
        4.437416e+06
        4.438791e+06
        4.440166e+06
        4.441083e+06
        4.442458e+06
        4.443374e+06
        4.444749e+06
        4.446125e+06
        4.447041e+06
        4.448416e+06
        4.449333e+06
        4.450708e+06
        4.452083e+06
        4.453000e+06
        4.454375e+06
        4.455292e+06
        4.456667e+06
        4.457584e+06
        4.458959e+06
        4.459876e+06
        4.461251e+06
        4.462626e+06
        4.463542e+06
        4.464918e+06
        4.465834e+06
        4.467209e+06
        4.468126e+06
        4.469501e+06
        4.470418e+06
        4.471728e+06
        4.472644e+06
        4.474019e+06
        4.474936e+06
        4.476311e+06
        4.477228e+06
        4.478603e+06
        4.479520e+06
        4.480895e+06
        4.481812e+06
        4.483187e+06
        4.484104e+06
        4.485479e+06
        4.486395e+06
        4.487312e+06
        4.488687e+06
        4.489604e+06
        4.490979e+06
        4.491896e+06
        4.493271e+06
        4.494188e+06
        4.495563e+06
        4.496479e+06
        4.497396e+06
        4.498771e+06
        4.499688e+06
        4.501063e+06
        4.501980e+06
        4.502896e+06
        4.504271e+06
        4.505188e+06
        4.506563e+06
        4.507480e+06
        4.508397e+06
        4.509772e+06
        4.510689e+06
        4.512064e+06
        4.512980e+06
        4.513897e+06
        4.515272e+06
        4.516189e+06
        4.517106e+06
        4.518481e+06
        4.519398e+06
        4.520314e+06
        4.521689e+06
        4.522606e+06
        4.523523e+06
        4.524898e+06
        4.525815e+06
        4.526731e+06
        4.528107e+06
        4.529023e+06
        4.529940e+06
        4.531314e+06
        4.532231e+06
        4.533148e+06
        4.534523e+06
        4.535439e+06
        4.536356e+06
        4.537273e+06
        4.538648e+06
        4.539565e+06
        4.540481e+06
        4.541856e+06
        4.542773e+06
        4.543690e+06
        4.544607e+06
        4.545982e+06
        4.546898e+06
        4.547815e+06
        4.548732e+06
        4.550107e+06
        4.551024e+06
        4.551941e+06
        4.552857e+06
        4.554232e+06
        4.555149e+06
        4.556066e+06
        4.556983e+06
        4.558358e+06
        4.559274e+06
        4.560191e+06
        4.561108e+06
        4.562024e+06
        4.563400e+06
        4.564316e+06
        4.565233e+06
        4.566150e+06
        4.567066e+06
        4.568442e+06
        4.569358e+06
        4.570275e+06
        4.571192e+06
        4.572108e+06
        4.573025e+06
        4.574400e+06
        4.575317e+06
        4.576234e+06
        4.577151e+06
        4.578067e+06
        4.578984e+06
        4.580359e+06
        4.581276e+06
        4.582193e+06
        4.583109e+06
        4.584026e+06
        4.584943e+06
        4.585859e+06
        4.587235e+06
        4.588151e+06
        4.589060e+06
        4.589977e+06
        4.590893e+06
        4.591810e+06
        4.592727e+06
        4.593643e+06
        4.595019e+06
        4.595935e+06
        4.596852e+06
        4.597769e+06
        4.598686e+06
        4.599602e+06
        4.600519e+06
        4.601436e+06
        4.602352e+06
        4.603269e+06
        4.604186e+06
        4.605561e+06
        4.606478e+06
        4.607394e+06
        4.608311e+06
        4.609228e+06
        4.610145e+06
        4.611061e+06
        4.611978e+06
        4.612895e+06
        4.613812e+06
        4.614728e+06
        4.615645e+06
        4.616562e+06
        4.617479e+06
        4.618395e+06
        4.619312e+06
        4.620229e+06
        4.621145e+06
        4.622062e+06
        4.622979e+06
        4.623896e+06
        4.624812e+06
        4.625729e+06
        4.627104e+06
        4.628021e+06
        4.628938e+06
        4.629854e+06
        4.630771e+06
        4.631688e+06
        4.632604e+06
        4.633063e+06
        4.633980e+06
        4.634896e+06
        4.635813e+06
        4.636730e+06
        4.637646e+06
        4.638563e+06
        4.639480e+06
        4.640397e+06
        4.641313e+06
        4.642230e+06
        4.643147e+06
        4.644064e+06
        4.644980e+06
        4.645897e+06
        4.646814e+06
        4.647730e+06
        4.648646e+06
        4.649563e+06
        4.650480e+06
        4.651396e+06
        4.652313e+06
        4.653230e+06
        4.654147e+06
        4.654605e+06
        4.655522e+06
        4.656438e+06
        4.657355e+06
        4.658272e+06
        4.659189e+06
        4.660105e+06
        4.661022e+06
        4.661939e+06
        4.662856e+06
        4.663772e+06
        4.664231e+06
        4.665147e+06
        4.666064e+06
        4.666981e+06
        4.667898e+06
        4.668814e+06
        4.669731e+06
        4.670648e+06
        4.671565e+06
        4.672023e+06
        4.672940e+06
        4.673856e+06
        4.674773e+06
        4.675690e+06
        4.676607e+06
        4.677523e+06
        4.677982e+06
        4.678898e+06
        4.679815e+06
        4.680732e+06
        4.681648e+06
        4.682565e+06
        4.683482e+06
        4.683940e+06
        4.684857e+06
        4.685774e+06
        4.686690e+06
        4.687607e+06
        4.688524e+06
        4.688982e+06
        4.689899e+06
        4.690733e+06
        4.691649e+06
        4.692566e+06
        4.693483e+06
        4.693941e+06
        4.694858e+06
        4.695775e+06
        4.696691e+06
        4.697608e+06
        4.698067e+06
        4.698983e+06
        4.699900e+06
        4.700817e+06
        4.701733e+06
        4.702192e+06
        4.703109e+06
        4.704025e+06
        4.704942e+06
        4.705859e+06
        4.706317e+06
        4.707234e+06
        4.708150e+06
        4.709067e+06
        4.709526e+06
        4.710442e+06
        4.711359e+06
        4.712276e+06
        4.712734e+06
        4.713651e+06
        4.714568e+06
        4.715484e+06
        4.715943e+06
        4.716859e+06
        4.717776e+06
        4.718693e+06
        4.719151e+06
        4.720068e+06
        4.720985e+06
        4.721901e+06
        4.722360e+06
        4.723277e+06
        4.724193e+06
        4.724652e+06
        4.725568e+06
        4.726485e+06
        4.727402e+06
        4.727860e+06
        4.728777e+06
        4.729694e+06
        4.730152e+06
        4.731069e+06
        4.731986e+06
        4.732901e+06
        4.733360e+06
        4.734276e+06
        4.735193e+06
        4.735651e+06
        4.736568e+06
        4.737485e+06
        4.737943e+06
        4.738860e+06
        4.739777e+06
        4.740235e+06
        4.741152e+06
        4.742069e+06
        4.742527e+06
        4.743444e+06
        4.744360e+06
        4.744819e+06
        4.745735e+06
        4.746652e+06
        4.747111e+06
        4.748027e+06
        4.748944e+06
        4.749402e+06
        4.750319e+06
        4.751236e+06
        4.751694e+06
        4.752611e+06
        4.753528e+06
        4.753986e+06
        4.754903e+06
        4.755820e+06
        4.756278e+06
        4.757195e+06
        4.757653e+06
        4.758570e+06
        4.759486e+06
        4.759945e+06
        4.760862e+06
        4.761778e+06
        4.762237e+06
        4.763153e+06
        4.763612e+06
        4.764528e+06
        4.765445e+06
        4.765903e+06
        4.766820e+06
        4.767279e+06
        4.768195e+06
        4.769112e+06
        4.769570e+06
        4.770487e+06
        4.770945e+06
        4.771862e+06
        4.772779e+06
        4.773237e+06
        4.774154e+06
        4.774612e+06
        4.775529e+06
        4.775987e+06
        4.776904e+06
        4.777821e+06
        4.778279e+06
        4.779196e+06
        4.779654e+06
        4.780571e+06
        4.781029e+06
        4.781946e+06
        4.782863e+06
        4.783321e+06
        4.784238e+06
        4.784696e+06
        4.785613e+06
        4.786072e+06
        4.786988e+06
        4.787447e+06
        4.788363e+06
        4.789280e+06
        4.789738e+06
        4.790655e+06
        4.791114e+06
        4.792022e+06
        4.792480e+06
        4.793397e+06
        4.793856e+06
        4.794772e+06
        4.795231e+06
        4.796147e+06
        4.796606e+06
        4.797522e+06
        4.797981e+06
        4.798898e+06
        4.799814e+06
        4.800273e+06
        4.801189e+06
        4.801648e+06
        4.802565e+06
        4.803023e+06
        4.803940e+06
        4.804398e+06
        4.805315e+06
        4.805773e+06
        4.806690e+06
        4.807148e+06
        4.808065e+06
        4.808523e+06
        4.809440e+06
        4.809898e+06
        4.810815e+06
        4.811273e+06
        4.811732e+06
        4.812649e+06
        4.813107e+06
        4.814024e+06
        4.814482e+06
        4.815399e+06
        4.815857e+06
        4.816774e+06
        4.817232e+06
        4.818149e+06
        4.818607e+06
        4.819524e+06
        4.819982e+06
        4.820899e+06
        4.821357e+06
        4.821816e+06
        4.822732e+06
        4.823191e+06
        4.824108e+06
        4.824566e+06
        4.825483e+06
        4.825941e+06
        4.826858e+06
        4.827316e+06
        4.828233e+06
        4.828691e+06
        4.829150e+06
        4.830066e+06
        4.830525e+06
        4.831441e+06
        4.831900e+06
        4.832817e+06
        4.833275e+06
        4.833733e+06
        4.834650e+06
        4.835108e+06
        4.836025e+06
        4.836483e+06
        4.837400e+06
        4.837859e+06
        4.838317e+06
        4.839234e+06
        4.839692e+06
        4.840609e+06
        4.841067e+06
        4.841525e+06
        4.842442e+06
        4.842901e+06
        4.843817e+06
        4.844276e+06
        4.844734e+06
        4.845651e+06
        4.846109e+06
        4.847026e+06
        4.847484e+06
        4.847943e+06
        4.848859e+06
        4.849318e+06
        4.849776e+06
        4.850692e+06
        4.851150e+06
        4.852067e+06
        4.852525e+06
        4.852984e+06
        4.853900e+06
        4.854359e+06
        4.854817e+06
        4.855734e+06
        4.856192e+06
        4.857109e+06
        4.857567e+06
        4.858026e+06
        4.858942e+06
        4.859401e+06
        4.859859e+06
        4.860776e+06
        4.861234e+06
        4.861693e+06
        4.862609e+06
        4.863068e+06
        4.863526e+06
        4.864443e+06
        4.864901e+06
        4.865818e+06
        4.866276e+06
        4.866735e+06
        4.867651e+06
        4.868110e+06
        4.868568e+06
        4.869485e+06
        4.869943e+06
        4.870402e+06
        4.871318e+06
        4.871777e+06
        4.872235e+06
        4.873152e+06
        4.873610e+06
        4.874068e+06
        4.874527e+06
        4.875444e+06
        4.875902e+06
        4.876360e+06
        4.877277e+06
        4.877735e+06
        4.878194e+06
        4.879110e+06
        4.879569e+06
        4.880027e+06
        4.880944e+06
        4.881402e+06
        4.881861e+06
        4.882777e+06
        4.883236e+06
        4.883694e+06
        4.884152e+06
        4.885069e+06
        4.885527e+06
        4.885986e+06
        4.886903e+06
        4.887361e+06
        4.887819e+06
        4.888278e+06
        4.889194e+06
        4.889653e+06
        4.890111e+06
        4.891028e+06
        4.891486e+06
        4.891945e+06
        4.892403e+06
        4.893320e+06
        4.893778e+06
        4.894236e+06
        4.894695e+06
        4.895612e+06
        4.896070e+06
        4.896528e+06
        4.897445e+06
        4.897903e+06
        4.898362e+06
        4.898820e+06
        4.899737e+06
        4.900195e+06
        4.900654e+06
        4.901112e+06
        4.902029e+06
        4.902487e+06
        4.902945e+06
        4.903404e+06
        4.904320e+06
        4.904779e+06
        4.905237e+06
        4.905696e+06
        4.906612e+06
        4.907071e+06
        4.907529e+06
        4.907987e+06
        4.908839e+06
        4.909297e+06
        4.909755e+06
        4.910214e+06
        4.911131e+06
        4.911589e+06
        4.912047e+06
        4.912506e+06
        4.913422e+06
        4.913881e+06
        4.914339e+06
        4.914797e+06
        4.915256e+06
        4.916173e+06
        4.916631e+06
        4.917089e+06
        4.917548e+06
        4.918006e+06
        4.918923e+06
        4.919381e+06
        4.919839e+06
        4.920298e+06
        4.921215e+06
        4.921673e+06
        4.922131e+06
        4.922590e+06
        4.923048e+06
        4.923965e+06
        4.924423e+06
        4.924881e+06
        4.925340e+06
        4.925798e+06
        4.926715e+06
        4.927173e+06
        4.927632e+06
        4.928090e+06
        4.928548e+06
        4.929007e+06
        4.929924e+06
        4.930382e+06
        4.930840e+06
        4.931299e+06
        4.931757e+06
        4.932674e+06
        4.933132e+06
        4.933590e+06
        4.934049e+06
        4.934507e+06
        4.934966e+06
        4.935882e+06
        4.936341e+06
        4.936799e+06
        4.937257e+06
        4.937716e+06
        4.938174e+06
        4.939091e+06
        4.939549e+06
        4.940007e+06
        4.940466e+06
        4.940924e+06
        4.941383e+06
        4.942299e+06
        4.942758e+06
        4.943216e+06
        4.943674e+06
        4.944133e+06
        4.944591e+06
        4.945049e+06
        4.945966e+06
        4.946425e+06
        4.946883e+06
        4.947341e+06
        4.947800e+06
        4.948258e+06
        4.948716e+06
        4.949633e+06
        4.950091e+06
        4.950550e+06
        4.951008e+06
        4.951467e+06
        4.951925e+06
        4.952383e+06
        4.953300e+06
        4.953758e+06
        4.954217e+06
        4.954675e+06
        4.955134e+06
        4.955592e+06
        4.956050e+06
        4.956509e+06
        4.957425e+06
        4.957884e+06
        4.958342e+06
        4.958800e+06
        4.959259e+06
        4.959717e+06
        4.960176e+06
        4.960634e+06
        4.961092e+06
        4.962009e+06
        4.962467e+06
        4.962926e+06
        4.963384e+06
        4.963842e+06
        4.964301e+06
        4.964759e+06
        4.965218e+06
        4.965676e+06
        4.966134e+06
        4.967051e+06
        4.967508e+06
        4.967967e+06
        4.968425e+06
        4.968883e+06
        4.969342e+06
        4.969800e+06
        4.970259e+06
        4.970717e+06
        4.971175e+06
        4.971634e+06
        4.972550e+06
        4.973009e+06
        4.973467e+06
        4.973926e+06
        4.974384e+06
        4.974842e+06
        4.975301e+06
        4.975759e+06
        4.976217e+06
        4.976676e+06
        4.977134e+06
        4.977592e+06
        4.978051e+06
        4.978968e+06
        4.979426e+06
        4.979884e+06
        4.980343e+06
        4.980801e+06
        4.981259e+06
        4.981718e+06
        4.982176e+06
        4.982634e+06
        4.983093e+06
        4.983551e+06
        4.984010e+06
        4.984468e+06
        4.984926e+06
        4.985385e+06
        4.985843e+06
        4.986760e+06
        4.987218e+06
        4.987676e+06
        4.988135e+06
        4.988593e+06
        4.989052e+06
        4.989510e+06
        4.989968e+06
        4.990427e+06
        4.990885e+06
        4.991343e+06
        4.991802e+06
        4.992260e+06
        4.992718e+06
        4.993177e+06
        4.993635e+06
        4.994094e+06
        4.994552e+06
        4.995010e+06
        4.995469e+06
        4.995927e+06
        4.996385e+06
        4.996844e+06
        4.997302e+06
        4.997760e+06
        4.998677e+06
        4.999135e+06
        4.999594e+06
        5.000052e+06
        5.000511e+06
        5.000969e+06
        5.001427e+06
        5.001886e+06
        5.002344e+06
        5.002802e+06
        5.003261e+06
        5.003719e+06
        5.004178e+06
        5.004636e+06
        5.005094e+06
        5.005553e+06
        5.006011e+06
        5.006469e+06
        5.006928e+06
        5.007386e+06
        5.007844e+06
        5.008303e+06
        5.008761e+06
        5.009220e+06
        5.009678e+06
        5.010136e+06
        5.010595e+06
        5.011053e+06
        5.011511e+06
        5.011970e+06
        5.012428e+06
        5.012886e+06
        5.013345e+06
        5.013803e+06
        5.014262e+06
        5.014720e+06
        5.015178e+06
        5.015637e+06
        5.016095e+06
        5.016553e+06
        5.017012e+06
        5.017470e+06
        5.017928e+06
        5.018387e+06
        5.018845e+06
        5.019304e+06
        5.019762e+06
        5.020220e+06
        5.020679e+06
        5.021137e+06
        5.021137e+06
        5.021595e+06
        5.022054e+06
        5.022512e+06
        5.022971e+06
        5.023429e+06
        5.023887e+06
        5.024346e+06
        5.024804e+06
        5.025262e+06
        5.025721e+06
        5.026171e+06
        5.026629e+06
        5.027088e+06
        5.027546e+06
        5.028004e+06
        5.028463e+06
        5.028921e+06
        5.029379e+06
        5.029838e+06
        5.030296e+06
        5.030755e+06
        5.031213e+06
        5.031671e+06
        5.032130e+06
        5.032588e+06
        5.033046e+06
        5.033046e+06
        5.033505e+06
        5.033963e+06
        5.034421e+06
        5.034880e+06
        5.035338e+06
        5.035797e+06
        5.036255e+06
        5.036713e+06
        5.037172e+06
        5.037630e+06
        5.038088e+06
        5.038547e+06
        5.039005e+06
        5.039464e+06
        5.039922e+06
        5.040380e+06
        5.040380e+06
        5.040839e+06
        5.041297e+06
        5.041755e+06
        5.042214e+06
        5.042672e+06
        5.043130e+06
        5.043589e+06
        5.044047e+06
        5.044506e+06
        5.044964e+06
        5.045422e+06
        5.045881e+06
        5.046339e+06
        5.046339e+06
        5.046797e+06
        5.047256e+06
        5.047714e+06
        5.048172e+06
        5.048631e+06
        5.049089e+06
        5.049548e+06
        5.050006e+06
        5.050464e+06
        5.050923e+06
        5.051381e+06
        5.051381e+06
        5.051839e+06
        5.052298e+06
        5.052756e+06
        5.053214e+06
        5.053673e+06
        5.054131e+06
        5.054590e+06
        5.055048e+06
        5.055506e+06
        5.055506e+06
        5.055965e+06
        5.056423e+06
        5.056881e+06
        5.057340e+06
        5.057798e+06
        5.058256e+06
        5.058715e+06
        5.059173e+06
        5.059631e+06
        5.059631e+06
        5.060090e+06
        5.060548e+06
        5.061007e+06
        5.061465e+06
        5.061923e+06
        5.062382e+06
        5.062840e+06
        5.063298e+06
        5.063298e+06
        5.063757e+06
        5.064215e+06
        5.064674e+06
        5.065132e+06
        5.065590e+06
        5.066049e+06
        5.066507e+06
        5.066965e+06
        5.066965e+06
        5.067424e+06
        5.067882e+06
        5.068340e+06
        5.068799e+06
        5.069257e+06
        5.069716e+06
        5.070174e+06
        5.070174e+06
        5.070632e+06
        5.071091e+06
        5.071549e+06
        5.072007e+06
        5.072466e+06
        5.072924e+06
        5.072924e+06
        5.073382e+06
        5.073841e+06
        5.074299e+06
        5.074758e+06
        5.075216e+06
        5.075674e+06
        5.075674e+06
        5.076133e+06
        5.076591e+06
        5.077049e+06
        5.077508e+06
        5.077966e+06
        5.078424e+06
        5.078424e+06
        5.078883e+06
        5.079341e+06
        5.079800e+06
        5.080258e+06
        5.080716e+06
        5.081175e+06
        5.081175e+06
        5.081633e+06
        5.082091e+06
        5.082550e+06
        5.083008e+06
        5.083467e+06
        5.083925e+06
        5.083925e+06
        5.084383e+06
        5.084841e+06
        5.085299e+06
        5.085757e+06
        5.086216e+06
        5.086216e+06
        5.086674e+06
        5.087132e+06
        5.087591e+06
        5.088049e+06
        5.088508e+06
        5.088508e+06
        5.088966e+06
        5.089424e+06
        5.089883e+06
        5.090341e+06
        5.090799e+06
        5.090799e+06
        5.091258e+06
        5.091716e+06
        5.092174e+06
        5.092633e+06
        5.093091e+06
        5.093091e+06
        5.093550e+06
        5.094008e+06
        5.094466e+06
        5.094925e+06
        5.094925e+06
        5.095383e+06
        5.095841e+06
        5.096300e+06
        5.096758e+06
        5.097216e+06
        5.097216e+06
        5.097675e+06
        5.098133e+06
        5.098592e+06
        5.099050e+06
        5.099050e+06
        5.099508e+06
        5.099967e+06
        5.100425e+06
        5.100883e+06
        5.100883e+06
        5.101342e+06
        5.101800e+06
        5.102258e+06
        5.102717e+06
        5.103175e+06
        5.103175e+06
        5.103634e+06
        5.104092e+06
        5.104550e+06
        5.105009e+06
        5.105009e+06
        5.105467e+06
        5.105925e+06
        5.106384e+06
        5.106842e+06
        5.106842e+06
        5.107301e+06
        5.107759e+06
        5.108217e+06
        5.108676e+06
        5.108676e+06
        5.109134e+06
        5.109592e+06
        5.110051e+06
        5.110051e+06
        5.110509e+06
        5.110967e+06
        5.111426e+06
        5.111884e+06
        5.111884e+06
        5.112343e+06
        5.112801e+06
        5.113259e+06
        5.113718e+06
        5.113718e+06
        5.114176e+06
        5.114634e+06
        5.115093e+06
        5.115093e+06
        5.115551e+06
        5.116009e+06
        5.116468e+06
        5.116926e+06
        5.116926e+06
        5.117384e+06
        5.117843e+06
        5.118301e+06
        5.118301e+06
        5.118760e+06
        5.119218e+06
        5.119676e+06
        5.120135e+06
        5.120135e+06
        5.120593e+06
        5.121051e+06
        5.121510e+06
        5.121510e+06
        5.121968e+06
        5.122426e+06
        5.122885e+06
        5.122885e+06
        5.123343e+06
        5.123802e+06
        5.124260e+06
        5.124260e+06
        5.124718e+06
        5.125177e+06
        5.125635e+06
        5.126093e+06
        5.126093e+06
        5.126552e+06
        5.127010e+06
        5.127468e+06
        5.127468e+06
        5.127927e+06
        5.128385e+06
        5.128844e+06
        5.128844e+06
        5.129302e+06
        5.129760e+06
        5.130219e+06
        5.130219e+06
        5.130677e+06
        5.131135e+06
        5.131594e+06
        5.131594e+06
        5.132052e+06
        5.132511e+06
        5.132969e+06
        5.132969e+06
        5.133427e+06
        5.133886e+06
        5.134344e+06
        5.134344e+06
        5.134802e+06
        5.135261e+06
        5.135719e+06
        5.135719e+06
        5.136177e+06
        5.136636e+06
        5.136636e+06
        5.137094e+06
        5.137553e+06
        5.138011e+06
        5.138011e+06
        5.138469e+06
        5.138928e+06
        5.139386e+06
        5.139386e+06
        5.139844e+06
        5.140303e+06
        5.140761e+06
        5.140761e+06
        5.141219e+06
        5.141678e+06
        5.141678e+06
        5.142136e+06
        5.142595e+06
        5.143053e+06
        5.143447e+06
        5.143447e+06
        5.143906e+06
        5.144364e+06
        5.144364e+06
        5.144822e+06
        5.145281e+06
        5.145739e+06
        5.145739e+06
        5.146197e+06
        5.146656e+06
        5.146656e+06
        5.147114e+06
        5.147572e+06
        5.148031e+06
        5.148031e+06
        5.148489e+06
        5.148948e+06
        5.149406e+06
        5.149406e+06
        5.149864e+06
        5.150323e+06
        5.150323e+06
        5.150781e+06
        5.151239e+06
        5.151698e+06
        5.151698e+06
        5.152156e+06
        5.152615e+06
        5.152615e+06
        5.153073e+06
        5.153531e+06
        5.153531e+06
        5.153990e+06
        5.154448e+06
        5.154906e+06
        5.154906e+06
        5.155365e+06
        5.155823e+06
        5.155823e+06
        5.156281e+06
        5.156740e+06
        5.156740e+06
        5.157198e+06
        5.157657e+06
        5.158115e+06
        5.158115e+06
        5.158573e+06
        5.159032e+06
        5.159032e+06
        5.159490e+06
        5.159948e+06
        5.159948e+06
        5.160407e+06
        5.160865e+06
        5.161323e+06
        5.161323e+06
        5.161782e+06
        5.162240e+06
        5.162240e+06
        5.162699e+06
        5.163157e+06
        5.163157e+06
        5.163615e+06
        5.164074e+06
        5.164074e+06
        5.164532e+06
        5.164990e+06
        5.164990e+06
        5.165449e+06
        5.165907e+06
        5.166365e+06
        5.166365e+06
        5.166824e+06
        5.167282e+06
        5.167282e+06
        5.167741e+06
        5.168199e+06
        5.168199e+06
        5.168657e+06
        5.169116e+06
        5.169116e+06
        5.169574e+06
        5.170032e+06
        5.170032e+06
        5.170491e+06
        5.170949e+06
        5.170949e+06
        5.171408e+06
        5.171866e+06
        5.171866e+06
        5.172324e+06
        5.172782e+06
        5.172782e+06
        5.173241e+06
        5.173699e+06
        5.173699e+06
        5.174158e+06
        5.174616e+06
        5.174616e+06
        5.175074e+06
        5.175533e+06
        5.175533e+06
        5.175991e+06
        5.176449e+06
        5.176449e+06
        5.176908e+06
        5.177366e+06
        5.177366e+06
        5.177825e+06
        5.178283e+06
        5.178283e+06
        5.178741e+06
        5.179200e+06
        5.179200e+06
        5.179658e+06
        5.180116e+06
        5.180116e+06
        5.180575e+06
        5.181033e+06
        5.181033e+06
        5.181491e+06
        5.181950e+06
        5.181950e+06
        5.182408e+06
        5.182867e+06
        5.182867e+06
        5.183325e+06
        5.183783e+06
        5.183783e+06
        5.184242e+06
        5.184700e+06
        5.184700e+06
        5.185158e+06
        5.185158e+06
        5.185617e+06
        5.186075e+06
        5.186075e+06
        5.186533e+06
        5.186992e+06
        5.186992e+06
        5.187450e+06
        5.187909e+06
        5.187909e+06
        5.188367e+06
        5.188825e+06
        5.188825e+06
        5.189284e+06
        5.189284e+06
        5.189742e+06
        5.190200e+06
        5.190200e+06
        5.190659e+06
        5.191117e+06
        5.191117e+06
        5.191575e+06
        5.192034e+06
        5.192034e+06
        5.192492e+06
        5.192951e+06
        5.192951e+06
        5.193409e+06
        5.193409e+06
        5.193867e+06
        5.194326e+06
        5.194326e+06
        5.194784e+06
        5.195242e+06
        5.195242e+06
        5.195701e+06
        5.195701e+06
        5.196159e+06
        5.196618e+06
        5.196618e+06
        5.197076e+06
        5.197534e+06
        5.197534e+06
        5.197993e+06
        5.197993e+06
        5.198451e+06
        5.198909e+06
        5.198909e+06
        5.199368e+06
        5.199826e+06
        5.199826e+06
        5.200284e+06
        5.200284e+06
        5.200743e+06
        5.201201e+06
        5.201201e+06
        5.201659e+06
        5.202117e+06
        5.202117e+06
        5.202575e+06
        5.202575e+06
        5.203034e+06
        5.203492e+06
        5.203492e+06
        5.203950e+06
        5.204409e+06
        5.204409e+06
        5.204867e+06
        5.204867e+06
        5.205325e+06
        5.205784e+06
        5.205784e+06
        5.206242e+06
        5.206242e+06
        5.206701e+06
        5.207159e+06
        5.207159e+06
        5.207617e+06
        5.207617e+06
        5.208076e+06
        5.208534e+06
        5.208534e+06
        5.208992e+06
        5.209451e+06
        5.209451e+06
        5.209909e+06
        5.209909e+06
        5.210367e+06
        5.210826e+06
        5.210826e+06
        5.211284e+06
        5.211284e+06
        5.211743e+06
        5.212201e+06
        5.212201e+06
        5.212659e+06
        5.212659e+06
        5.213118e+06
        5.213576e+06
        5.213576e+06
        5.214034e+06
        5.214034e+06
        5.214493e+06
        5.214951e+06
        5.214951e+06
        5.215409e+06
        5.215409e+06
        5.215868e+06
        5.216326e+06
        5.216326e+06
        5.216785e+06
        5.216785e+06
        5.217243e+06
        5.217243e+06
        5.217701e+06
        5.218160e+06
        5.218160e+06
        5.218618e+06
        5.218618e+06
        5.219076e+06
        5.219535e+06
        5.219535e+06
        5.219993e+06
        5.219993e+06
        5.220452e+06
        5.220910e+06
        5.220910e+06
        5.221368e+06
        5.221368e+06
        5.221827e+06
        5.221827e+06
        5.222285e+06
        5.222743e+06
        5.222743e+06
        5.223202e+06
        5.223202e+06
        5.223660e+06
        5.224118e+06
        5.224118e+06
        5.224577e+06
        5.224577e+06
        5.225035e+06
        5.225035e+06
        5.225494e+06
        5.225952e+06
        5.225952e+06
        5.226410e+06
        5.226410e+06
        5.226869e+06
        5.226869e+06
        5.227327e+06
        5.227785e+06
        5.227785e+06
        5.228244e+06
        5.228244e+06
        5.228702e+06
        5.228702e+06
        5.229160e+06
        5.229619e+06
        5.229619e+06
        5.230077e+06
        5.230077e+06
        5.230536e+06
        5.230536e+06
        5.230994e+06
        5.231452e+06
        5.231452e+06
        5.231911e+06
        5.231911e+06
        5.232369e+06
        5.232369e+06
        5.232827e+06
        5.233286e+06
        5.233286e+06
        5.233744e+06
        5.233744e+06
        5.234202e+06
        5.234202e+06
        5.234661e+06
        5.235119e+06
        5.235119e+06
        5.235577e+06
        5.235577e+06
        5.236036e+06
        5.236036e+06
        5.236494e+06
        5.236494e+06
        5.236953e+06
        5.237411e+06
        5.237411e+06
        5.237869e+06
        5.237869e+06
        5.238328e+06
        5.238328e+06
        5.238786e+06
        5.238786e+06
        5.239244e+06
        5.239703e+06
        5.239703e+06
        5.240161e+06
        5.240161e+06
        5.240619e+06
        5.240619e+06
        5.241078e+06
        5.241078e+06
        5.241536e+06
        5.241995e+06
        5.241995e+06
        5.242453e+06
        5.242453e+06
        5.242911e+06
        5.242911e+06
        5.243370e+06
        5.243370e+06
        5.243828e+06
        5.244286e+06
        5.244286e+06
        5.244745e+06
        5.244745e+06
        5.245203e+06
        5.245203e+06
        5.245662e+06
        5.245662e+06
        5.246120e+06
        5.246120e+06
        5.246578e+06
        5.246578e+06
        5.247037e+06
        5.247495e+06
        5.247495e+06
        5.247953e+06
        5.247953e+06
        5.248412e+06
        5.248412e+06
        5.248870e+06
        5.248870e+06
        5.249328e+06
        5.249328e+06
        5.249787e+06
        5.250245e+06
        5.250245e+06
        5.250704e+06
        5.250704e+06
        5.251162e+06
        5.251162e+06
        5.251620e+06
        5.251620e+06
        5.252079e+06
        5.252079e+06
        5.252537e+06
        5.252537e+06
        5.252995e+06
        5.252995e+06
        5.253454e+06
        5.253912e+06
        5.253912e+06
        5.254370e+06
        5.254370e+06
        5.254829e+06
        5.254829e+06
        5.255287e+06
        5.255287e+06
        5.255746e+06
        5.255746e+06
        5.256204e+06
        5.256204e+06
        5.256662e+06
        5.256662e+06
        5.257121e+06
        5.257121e+06
        5.257579e+06
        5.257579e+06
        5.258037e+06
        5.258496e+06
        5.258496e+06
        5.258954e+06
        5.258954e+06
        5.259412e+06
        5.259412e+06
        5.259871e+06
        5.259871e+06
        5.260321e+06
        5.260321e+06
        5.260779e+06
        5.260779e+06
        5.261238e+06
        5.261238e+06
        5.261696e+06
        5.261696e+06
        5.262154e+06
        5.262154e+06
        5.262613e+06
        5.262613e+06
        5.263071e+06
        5.263071e+06
        5.263530e+06
        5.263530e+06
        5.263988e+06
        5.264446e+06
        5.264446e+06
        5.264905e+06
        5.264905e+06
        5.265363e+06
        5.265363e+06
        5.265821e+06
        5.265821e+06
        5.266280e+06
        5.266280e+06
        5.266738e+06
        5.266738e+06
        5.267197e+06
        5.267197e+06
        5.267655e+06
        5.267655e+06
        5.268113e+06
        5.268113e+06
        5.268572e+06
        5.268572e+06
        5.269030e+06
        5.269030e+06
        5.269488e+06
        5.269488e+06
        5.269947e+06
        5.269947e+06
        5.270405e+06
        5.270405e+06
        5.270863e+06
        5.270863e+06
        5.271322e+06
        5.271322e+06
        5.271780e+06
        5.271780e+06
        5.272239e+06
        5.272239e+06
        5.272697e+06
        5.272697e+06
        5.273155e+06
        5.273155e+06
        5.273614e+06
        5.273614e+06
        5.274072e+06
        5.274072e+06
        5.274530e+06
        5.274530e+06
        5.274989e+06
        5.274989e+06
        5.275447e+06
        5.275447e+06
        5.275905e+06
        5.275905e+06
        5.276364e+06
        5.276364e+06
        5.276822e+06
        5.276822e+06
        5.277281e+06
        5.277281e+06
        5.277739e+06
        5.277739e+06
        5.278197e+06
        5.278197e+06
        5.278656e+06
        5.278656e+06
        5.279114e+06
        5.279114e+06
        5.279572e+06
        5.279572e+06
        5.280031e+06
        5.280031e+06
        5.280489e+06
        5.280489e+06
        5.280947e+06
        5.280947e+06
        5.281406e+06
        5.281406e+06
        5.281864e+06
        5.281864e+06
        5.282323e+06
        5.282323e+06
        5.282323e+06
        5.282781e+06
        5.282781e+06
        5.283239e+06
        5.283239e+06
        5.283698e+06
        5.283698e+06
        5.284156e+06
        5.284156e+06
        5.284614e+06
        5.284614e+06
        5.285073e+06
        5.285073e+06
        5.285531e+06
        5.285531e+06
        5.285990e+06
        5.285990e+06
        5.286448e+06
        5.286448e+06
        5.286906e+06
        5.286906e+06
        5.287365e+06
        5.287365e+06
        5.287823e+06
        5.287823e+06
        5.287823e+06
        5.288281e+06
        5.288281e+06
        5.288740e+06
        5.288740e+06
        5.289198e+06
        5.289198e+06
        5.289656e+06
        5.289656e+06
        5.290115e+06
        5.290115e+06
        5.290573e+06
        5.290573e+06
        5.291031e+06
        5.291031e+06
        5.291490e+06
        5.291490e+06
        5.291948e+06
        5.291948e+06
        5.291948e+06
        5.292407e+06
        5.292407e+06
        5.292865e+06
        5.292865e+06
        5.293323e+06
        5.293323e+06
        5.293782e+06
        5.293782e+06
        5.294240e+06
        5.294240e+06
        5.294698e+06
        5.294698e+06
        5.295157e+06
        5.295157e+06
        5.295157e+06
        5.295615e+06
        5.295615e+06
        5.296073e+06
        5.296073e+06
        5.296532e+06
        5.296532e+06
        5.296990e+06
        5.296990e+06
        5.297449e+06
        5.297449e+06
        5.297907e+06
        5.297907e+06
        5.298365e+06
        5.298365e+06
        5.298365e+06
        5.298824e+06
        5.298824e+06
        5.299282e+06
        5.299282e+06
        5.299740e+06
        5.299740e+06
        5.300199e+06
        5.300199e+06
        5.300657e+06
        5.300657e+06
