   -1.913651e+07
   -1.913651e+07
   -1.861222e+07
   -1.861222e+07
   -1.808794e+07
   -1.808794e+07
   -1.756365e+07
   -1.756365e+07
   -1.703936e+07
   -1.703936e+07
   -1.651507e+07
   -1.651507e+07
   -1.599078e+07
   -1.599078e+07
   -1.546650e+07
   -1.546650e+07
   -1.494221e+07
   -1.494221e+07
   -1.441792e+07
   -1.441792e+07
   -1.389363e+07
   -1.389363e+07
   -1.336934e+07
   -1.336934e+07
   -1.284506e+07
   -1.284506e+07
   -1.232077e+07
   -1.232077e+07
   -1.179648e+07
   -1.179648e+07
   -1.127219e+07
   -1.127219e+07
   -1.074790e+07
   -1.074790e+07
   -1.022362e+07
   -1.022362e+07
   -9.699328e+06
   -9.699328e+06
   -9.175040e+06
   -9.175040e+06
   -8.650752e+06
   -8.650752e+06
   -8.126464e+06
   -8.126464e+06
   -7.602176e+06
   -7.602176e+06
   -7.077888e+06
   -7.077888e+06
   -6.553600e+06
   -6.553600e+06
   -6.029312e+06
   -6.029312e+06
   -5.505024e+06
   -5.505024e+06
   -4.980736e+06
   -4.980736e+06
   -4.456448e+06
   -4.456448e+06
   -3.932160e+06
   -3.932160e+06
   -3.407872e+06
   -3.407872e+06
   -2.883584e+06
   -2.883584e+06
   -2.359296e+06
   -2.359296e+06
   -1.835008e+06
   -1.835008e+06
   -1.310720e+06
   -1.310720e+06
   -7.864320e+05
   -7.864320e+05
   -2.621440e+05
   -2.621440e+05
    2.621440e+05
    2.621440e+05
    7.864320e+05
    7.864320e+05
    1.310720e+06
    1.310720e+06
